-1.#IND 0
-1.#IND 0
-1.#IND 0
-1.#IND 0
-1.#IND 0
-1.#IND 0
-1.#IND 0
-1.#IND 0
-1.#IND 0
-1.#IND 0
-1.#IND 0
-1.#IND 0
-1.#IND 0
-1.#IND 0
-76.5387 1.79458
-76.5387 1.79458
-76.5387 1.79458
-76.5387 1.79458
-76.5387 1.79458
-76.5476 1.79584
-76.5476 1.79584
-76.5476 1.79584
-76.5476 1.79584
-76.5476 1.79584
-76.5476 1.79584
-76.5788 1.79877
-76.5788 1.79877
-76.5788 1.79877
-76.5788 1.79877
-76.5788 1.79877
-76.5788 1.79877
-76.6067 1.80412
-76.6067 1.80412
-76.6067 1.80412
-76.6067 1.80412
-76.6067 1.80412
-76.6067 1.80412
-76.6067 1.80412
-76.673 1.81124
-76.673 1.81124
-76.673 1.81124
-76.673 1.81124
-76.673 1.81124
-76.673 1.81124
-76.673 1.81124
-76.673 1.81124
-76.7169 1.81798
-76.7169 1.81798
-76.7169 1.81798
-76.7169 1.81798
-76.7169 1.81798
-76.7169 1.81798
-76.7169 1.81798
-76.7169 1.81798
-76.7821 1.82452
-76.7821 1.82452
-76.7821 1.82452
-76.7821 1.82452
-76.7821 1.82452
-76.7821 1.82452
-76.7821 1.82452
-76.8458 1.83212
-76.8458 1.83212
-76.8458 1.83212
-76.8458 1.83212
-76.8458 1.83212
-76.8458 1.83212
-76.8458 1.83212
-76.9793 1.84191
-76.9793 1.84191
-76.9793 1.84191
-76.9793 1.84191
-76.9793 1.84191
-76.9793 1.84191
-76.9793 1.84191
-76.9793 1.84191
-77.0016 1.85168
-77.0016 1.85168
-77.0016 1.85168
-77.0016 1.85168
-77.0016 1.85168
-77.0016 1.85168
-77.0016 1.85168
-77.199 1.86366
-77.199 1.86366
-77.199 1.86366
-77.199 1.86366
-77.199 1.86366
-77.3374 1.8809
-77.3374 1.8809
-77.3374 1.8809
-77.3374 1.8809
-77.3374 1.8809
-77.3374 1.8809
-77.3374 1.8809
-77.3374 1.8809
-77.4907 1.89891
-77.4907 1.89891
-77.4907 1.89891
-77.4907 1.89891
-77.4907 1.89891
-77.4907 1.89891
-77.4907 1.89891
-77.4907 1.89891
-77.4907 1.89891
-77.5737 1.91939
-77.5737 1.91939
-77.5737 1.91939
-77.5737 1.91939
-77.5737 1.91939
-77.5737 1.91939
-77.6055 1.93827
-77.6055 1.93827
-77.6055 1.93827
-77.6055 1.93827
-77.6055 1.93827
-77.6055 1.93827
-77.6782 1.96066
-77.6782 1.96066
-77.6782 1.96066
-77.6782 1.96066
-77.6782 1.96066
-77.6782 1.96066
-77.6782 1.96066
-77.6782 1.96066
-77.6782 1.96066
-77.8218 1.97975
-77.8218 1.97975
-77.8218 1.97975
-77.8218 1.97975
-77.8218 1.97975
-77.8218 1.97975
-77.8218 1.97975
-77.7852 1.99627
-77.7852 1.99627
-77.7852 1.99627
-77.7852 1.99627
-77.7852 1.99627
-77.7494 2.01446
-77.7494 2.01446
-77.7494 2.01446
-77.7494 2.01446
-77.7494 2.01446
-77.7494 2.01446
-77.7494 2.01446
-77.7016 2.029
-77.7016 2.029
-77.7016 2.029
-77.7016 2.029
-77.7016 2.029
-77.6051 2.03974
-77.6051 2.03974
-77.6051 2.03974
-77.6051 2.03974
-77.6051 2.03974
-77.6051 2.03974
-77.2805 2.05105
-77.2805 2.05105
-77.2805 2.05105
-77.2805 2.05105
-77.2805 2.05105
-77.2805 2.05105
-77.2805 2.05105
-77.1798 2.06019
-77.1798 2.06019
-77.1798 2.06019
-77.1798 2.06019
-77.1798 2.06019
-77.0818 2.07151
-77.0818 2.07151
-77.0818 2.07151
-77.0818 2.07151
-77.0818 2.07151
-77.0818 2.07151
-77.0818 2.07151
-77.0818 2.07151
-76.8109 2.08877
-76.8109 2.08877
-76.8109 2.08877
-76.8109 2.08877
-76.8109 2.08877
-76.8109 2.08877
-76.8109 2.08877
-76.7566 2.10283
-76.7566 2.10283
-76.7566 2.10283
-76.7566 2.10283
-76.7566 2.10283
-76.4689 2.13069
-76.4689 2.13069
-76.4689 2.13069
-76.4689 2.13069
-76.4689 2.13069
-76.4171 2.15071
-76.4171 2.15071
-76.4171 2.15071
-76.4171 2.15071
-76.4171 2.15071
-76.4171 2.15071
-76.4171 2.15071
-76.4085 2.17295
-76.4085 2.17295
-76.4085 2.17295
-76.4085 2.17295
-76.4085 2.17295
-76.4085 2.17295
-76.4085 2.17295
-76.4085 2.17295
-76.3237 2.19871
-76.3237 2.19871
-76.3237 2.19871
-76.3237 2.19871
-76.3237 2.19871
-76.2612 2.2196
-76.2612 2.2196
-76.2612 2.2196
-76.2612 2.2196
-76.2612 2.2196
-76.2612 2.2196
-76.2612 2.2196
-76.2612 2.2196
-76.1533 2.24317
-76.1533 2.24317
-76.1533 2.24317
-76.1533 2.24317
-76.266 2.25896
-76.266 2.25896
-76.266 2.25896
-76.266 2.25896
-76.266 2.25896
-76.3273 2.27235
-76.3273 2.27235
-76.3273 2.27235
-76.3273 2.27235
-76.3273 2.27235
-76.3273 2.27235
-76.3639 2.28497
-76.3639 2.28497
-76.3639 2.28497
-76.3639 2.28497
-76.3639 2.28497
-76.3639 2.28497
-76.4968 2.2941
-76.4968 2.2941
-76.4968 2.2941
-76.4968 2.2941
-76.4968 2.2941
-76.4968 2.2941
-76.4968 2.2941
-76.5936 2.30383
-76.5936 2.30383
-76.5936 2.30383
-76.5936 2.30383
-76.5936 2.30383
-76.6428 2.31322
-76.6428 2.31322
-76.6428 2.31322
-76.6428 2.31322
-76.6428 2.31322
-76.6428 2.31322
-76.6428 2.31322
-76.6608 2.32189
-76.6608 2.32189
-76.6608 2.32189
-76.6608 2.32189
-76.6608 2.32189
-76.6608 2.32189
-76.6608 2.32189
-76.6608 2.32189
-76.6608 2.32189
-76.6604 2.32909
-76.6604 2.32909
-76.6604 2.32909
-76.6604 2.32909
-76.6604 2.32909
-76.687 2.33507
-76.687 2.33507
-76.687 2.33507
-76.687 2.33507
-76.687 2.33507
-76.7152 2.33892
-76.7152 2.33892
-76.7152 2.33892
-76.7152 2.33892
-76.7152 2.33892
-76.7152 2.33892
-76.7152 2.33892
-76.7152 2.33892
-76.7152 2.33892
-76.7303 2.3424
-76.7303 2.3424
-76.7303 2.3424
-76.7303 2.3424
-76.7303 2.3424
-76.7303 2.3424
-76.7187 2.34426
-76.7187 2.34426
-76.7187 2.34426
-76.7187 2.34426
-76.7187 2.34426
-76.7187 2.34426
-76.6997 2.34558
-76.6997 2.34558
-76.6997 2.34558
-76.6997 2.34558
-76.6997 2.34558
-76.6997 2.34558
-76.6997 2.34558
-76.728 2.34687
-76.728 2.34687
-76.728 2.34687
-76.728 2.34687
-76.728 2.34687
-76.728 2.34687
-76.728 2.34687
-76.7586 2.34815
-76.7586 2.34815
-76.7586 2.34815
-76.7586 2.34815
-76.7586 2.34815
-76.7556 2.3498
-76.7556 2.3498
-76.7556 2.3498
-76.7556 2.3498
-76.7556 2.3498
-76.7556 2.3498
-76.7556 2.3498
-76.5876 2.35582
-76.5876 2.35582
-76.5876 2.35582
-76.5876 2.35582
-76.5876 2.35582
-76.5876 2.35582
-76.5926 2.358
-76.5926 2.358
-76.5926 2.358
-76.5926 2.358
-76.5926 2.358
-76.5926 2.358
-76.5926 2.358
-76.6193 2.36012
-76.6193 2.36012
-76.6193 2.36012
-76.6193 2.36012
-76.6193 2.36012
-76.6368 2.36357
-76.6368 2.36357
-76.6368 2.36357
-76.6368 2.36357
-76.6368 2.36357
-76.6368 2.36357
-76.6368 2.36357
-76.6368 2.36357
-76.6627 2.36816
-76.6627 2.36816
-76.6627 2.36816
-76.6627 2.36816
-76.6627 2.36816
-76.6627 2.36816
-76.6627 2.36816
-76.701 2.37071
-76.701 2.37071
-76.701 2.37071
-76.701 2.37071
-76.701 2.37071
-76.7407 2.37192
-76.7407 2.37192
-76.7407 2.37192
-76.7407 2.37192
-76.7407 2.37192
-76.7407 2.37192
-76.7781 2.37209
-76.7781 2.37209
-76.7781 2.37209
-76.7781 2.37209
-76.7781 2.37209
-76.7781 2.37209
-76.7929 2.37235
-76.7929 2.37235
-76.7929 2.37235
-76.7929 2.37235
-76.7929 2.37235
-76.7929 2.37235
-76.7912 2.37244
-76.7912 2.37244
-76.7912 2.37244
-76.7912 2.37244
-76.7912 2.37244
-76.7912 2.37244
-76.7912 2.37244
-76.805 2.37262
-76.805 2.37262
-76.805 2.37262
-76.805 2.37262
-76.805 2.37262
-76.805 2.37262
-76.8305 2.37309
-76.8305 2.37309
-76.8305 2.37309
-76.8305 2.37309
-76.8305 2.37309
-76.8305 2.37309
-76.8305 2.37309
-76.8503 2.37327
-76.8503 2.37327
-76.8503 2.37327
-76.8503 2.37327
-76.8503 2.37327
-76.8503 2.37327
-76.8621 2.37329
-76.8621 2.37329
-76.8621 2.37329
-76.8621 2.37329
-76.8932 2.37335
-76.8932 2.37335
-76.8932 2.37335
-76.8932 2.37335
-76.8932 2.37335
-76.8932 2.37335
-76.8932 2.37335
-76.9309 2.37322
-76.9309 2.37322
-76.9309 2.37322
-76.9309 2.37322
-76.9309 2.37322
-76.9309 2.37322
-76.958 2.37311
-76.958 2.37311
-76.958 2.37311
-76.958 2.37311
-77.0068 2.37262
-77.0068 2.37262
-77.0068 2.37262
-77.0068 2.37262
-77.0068 2.37262
-77.0068 2.37262
-77.0068 2.37262
-77.0068 2.37262
-77.0087 2.37257
-77.0087 2.37257
-77.0087 2.37257
-77.0087 2.37257
-77.0087 2.37257
-77.0087 2.37257
-77.0087 2.37257
-76.9986 2.3723
-76.9986 2.3723
-76.9986 2.3723
-76.9986 2.3723
-76.9986 2.3723
-76.9986 2.3723
-76.9986 2.3723
-76.9986 2.3723
-77.0111 2.37092
-77.0111 2.37092
-77.0111 2.37092
-77.0111 2.37092
-77.0075 2.3674
-77.0075 2.3674
-77.0075 2.3674
-77.0075 2.3674
-77.0075 2.3674
-77.0075 2.3674
-77.0075 2.3674
-77.0479 2.36256
-77.0479 2.36256
-77.0479 2.36256
-77.0479 2.36256
-77.0479 2.36256
-77.0479 2.36256
-77.1602 2.3561
-77.1602 2.3561
-77.1602 2.3561
-77.1602 2.3561
-77.1602 2.3561
-77.1602 2.3561
-77.1602 2.3561
-77.2626 2.34909
-77.2626 2.34909
-77.2626 2.34909
-77.2626 2.34909
-77.2626 2.34909
-77.2626 2.34909
-77.2626 2.34909
-77.3556 2.34498
-77.3556 2.34498
-77.3556 2.34498
-77.3556 2.34498
-77.3556 2.34498
-77.3556 2.34498
-77.3644 2.3439
-77.3644 2.3439
-77.3644 2.3439
-77.3644 2.3439
-77.3644 2.3439
-77.3644 2.3439
-77.41 2.34607
-77.41 2.34607
-77.41 2.34607
-77.41 2.34607
-77.41 2.34607
-77.41 2.34607
-77.41 2.34607
-77.4673 2.35111
-77.4673 2.35111
-77.4673 2.35111
-77.4673 2.35111
-77.4673 2.35111
-77.4673 2.35111
-77.4957 2.35847
-77.4957 2.35847
-77.4957 2.35847
-77.4957 2.35847
-77.4957 2.35847
-77.4957 2.35847
-77.7268 2.36519
-77.7268 2.36519
-77.7268 2.36519
-77.7268 2.36519
-77.7268 2.36519
-77.6771 2.37152
-77.6771 2.37152
-77.6771 2.37152
-77.6771 2.37152
-77.6771 2.37152
-77.6771 2.37152
-77.83 2.37825
-77.83 2.37825
-77.83 2.37825
-77.83 2.37825
-77.83 2.37825
-77.83 2.37825
-77.83 2.37825
-77.8822 2.38542
-77.8822 2.38542
-77.8822 2.38542
-77.8822 2.38542
-77.8822 2.38542
-77.8822 2.38542
-77.8822 2.38542
-77.8822 2.38542
-77.9251 2.39481
-77.9251 2.39481
-77.9251 2.39481
-77.9251 2.39481
-77.9251 2.39481
-77.9251 2.39481
-77.9071 2.40575
-77.9071 2.40575
-77.9071 2.40575
-77.9071 2.40575
-77.9071 2.40575
-77.9071 2.40575
-77.9071 2.40575
-77.8909 2.41361
-77.8909 2.41361
-77.8909 2.41361
-77.8909 2.41361
-77.8909 2.41361
-77.8909 2.41361
-77.8909 2.41361
-77.8934 2.41846
-77.8934 2.41846
-77.8934 2.41846
-77.8934 2.41846
-77.8934 2.41846
-77.8934 2.41846
-77.8848 2.42307
-77.8848 2.42307
-77.8848 2.42307
-77.8848 2.42307
-77.8848 2.42307
-77.8848 2.42307
-77.8848 2.42307
-77.8848 2.42307
-77.8848 2.42307
-77.8848 2.42307
-77.8952 2.42642
-77.8952 2.42642
-77.8952 2.42642
-77.8952 2.42642
-77.9323 2.42791
-77.9323 2.42791
-77.9323 2.42791
-77.9323 2.42791
-77.9323 2.42791
-77.9323 2.42791
-77.9323 2.42791
-77.9556 2.42879
-77.9556 2.42879
-77.9556 2.42879
-77.9556 2.42879
-77.9556 2.42879
-77.9593 2.42963
-77.9593 2.42963
-77.9593 2.42963
-77.9593 2.42963
-77.9593 2.42963
-77.9593 2.42963
-77.9593 2.42963
-77.9767 2.43032
-77.9767 2.43032
-77.9767 2.43032
-77.9767 2.43032
-78.0209 2.43042
-78.0209 2.43042
-78.0209 2.43042
-78.0209 2.43042
-78.0209 2.43042
-78.0209 2.43042
-78.08 2.42905
-78.08 2.42905
-78.08 2.42905
-78.08 2.42905
-78.08 2.42905
-78.08 2.42905
-78.1225 2.42659
-78.1225 2.42659
-78.1225 2.42659
-78.1225 2.42659
-78.1225 2.42659
-78.1225 2.42659
-78.2489 2.42237
-78.2489 2.42237
-78.2489 2.42237
-78.2489 2.42237
-78.2489 2.42237
-78.1095 2.42076
-78.1095 2.42076
-78.1095 2.42076
-78.1095 2.42076
-78.1095 2.42076
-78.1095 2.42076
-78.0203 2.42078
-78.0203 2.42078
-78.0203 2.42078
-78.0203 2.42078
-78.0203 2.42078
-78.0203 2.42078
-78.0203 2.42078
-78.0203 2.42078
-77.9716 2.4205
-77.9716 2.4205
-77.9716 2.4205
-77.9716 2.4205
-77.9716 2.4205
-77.9716 2.4205
-78.205 2.41959
-78.205 2.41959
-78.205 2.41959
-78.205 2.41959
-78.205 2.41959
-78.205 2.41959
-78.205 2.41959
-78.265 2.41833
-78.265 2.41833
-78.265 2.41833
-78.265 2.41833
-78.265 2.41833
-78.268 2.41677
-78.268 2.41677
-78.268 2.41677
-78.268 2.41677
-78.268 2.41677
-78.268 2.41677
-78.268 2.41677
-78.268 2.41677
-78.2306 2.41605
-78.2306 2.41605
-78.2306 2.41605
-78.2306 2.41605
-78.2306 2.41605
-78.2306 2.41605
-77.9876 2.41894
-77.9876 2.41894
-77.9876 2.41894
-77.9876 2.41894
-77.9876 2.41894
-77.9876 2.41894
-77.8357 2.42703
-77.8357 2.42703
-77.8357 2.42703
-77.8357 2.42703
-77.8357 2.42703
-77.8357 2.42703
-77.8357 2.42703
-77.6403 2.43644
-77.6403 2.43644
-77.6403 2.43644
-77.6403 2.43644
-77.6403 2.43644
-77.6403 2.43644
-77.5363 2.44422
-77.5363 2.44422
-77.5363 2.44422
-77.5363 2.44422
-77.5363 2.44422
-77.5363 2.44422
-77.5363 2.44422
-77.5005 2.4519
-77.5005 2.4519
-77.5005 2.4519
-77.5005 2.4519
-77.5005 2.4519
-77.5005 2.4519
-77.4608 2.45906
-77.4608 2.45906
-77.4608 2.45906
-77.4608 2.45906
-77.4608 2.45906
-77.4608 2.45906
-77.4608 2.45906
-77.4704 2.46304
-77.4704 2.46304
-77.4704 2.46304
-77.4704 2.46304
-77.4704 2.46304
-77.4704 2.46304
-77.4757 2.46577
-77.4757 2.46577
-77.4757 2.46577
-77.4757 2.46577
-77.49 2.46891
-77.49 2.46891
-77.49 2.46891
-77.49 2.46891
