-1.#IND 0
-1.#IND 0
-1.#IND 0
-1.#IND 0
-1.#IND 0
-1.#IND 0
-1.#IND 0
-1.#IND 0
-1.#IND 0
-76.7109 1.82256
-76.7109 1.82256
-76.7109 1.82256
-76.7109 1.82256
-76.7109 1.82256
-76.7109 1.82256
-76.7109 1.82256
-76.7261 1.82357
-76.7261 1.82357
-76.7261 1.82357
-76.7261 1.82357
-76.7261 1.82357
-76.7261 1.82357
-76.7261 1.82357
-76.7261 1.82357
-76.7261 1.82357
-76.7845 1.82662
-76.7845 1.82662
-76.7845 1.82662
-76.7845 1.82662
-76.7845 1.82662
-76.7845 1.82662
-76.7845 1.82662
-76.7845 1.82662
-76.8524 1.83268
-76.8524 1.83268
-76.8524 1.83268
-76.8524 1.83268
-76.8524 1.83268
-76.8524 1.83268
-76.8524 1.83268
-77.1654 1.85253
-77.1654 1.85253
-77.1654 1.85253
-77.1654 1.85253
-77.1654 1.85253
-77.1654 1.85253
-77.1654 1.85253
-77.2984 1.86382
-77.2984 1.86382
-77.2984 1.86382
-77.2984 1.86382
-77.8007 1.95951
-77.8007 1.95951
-77.8007 1.95951
-77.8727 1.98013
-77.8727 1.98013
-77.8727 1.98013
-77.8727 1.98013
-77.8235 1.99622
-77.8235 1.99622
-77.8235 1.99622
-77.8235 1.99622
-77.8235 1.99622
-77.8235 1.99622
-77.8235 1.99622
-77.8235 1.99622
-77.7798 2.01453
-77.6285 2.03987
-77.3033 2.05118
-77.3033 2.05118
-77.3033 2.05118
-77.3033 2.05118
-77.3033 2.05118
-77.3033 2.05118
-77.3033 2.05118
-77.3033 2.05118
-77.2034 2.0603
-77.2034 2.0603
-77.2034 2.0603
-77.2034 2.0603
-77.2034 2.0603
-77.2034 2.0603
-77.2034 2.0603
-77.2034 2.0603
-77.2034 2.0603
-77.1055 2.07161
-77.1055 2.07161
-77.1055 2.07161
-77.1055 2.07161
-77.1055 2.07161
-77.1055 2.07161
-77.1055 2.07161
-76.8358 2.08883
-76.8358 2.08883
-76.8358 2.08883
-76.8358 2.08883
-76.8358 2.08883
-76.8358 2.08883
-76.8358 2.08883
-76.8358 2.08883
-76.7803 2.10298
-76.7803 2.10298
-76.7803 2.10298
-76.7803 2.10298
-76.7803 2.10298
-76.7803 2.10298
-76.7803 2.10298
-76.7803 2.10298
-76.4925 2.13084
-76.4925 2.13084
-76.4925 2.13084
-76.4925 2.13084
-76.4925 2.13084
-76.4925 2.13084
-76.4925 2.13084
-76.4925 2.13084
-76.4412 2.15086
-76.4412 2.15086
-76.4412 2.15086
-76.4412 2.15086
-76.4412 2.15086
-76.4412 2.15086
-76.4411 2.17294
-76.4411 2.17294
-76.4411 2.17294
-76.4411 2.17294
-76.4411 2.17294
-76.4411 2.17294
-76.4411 2.17294
-76.4411 2.17294
-76.3496 2.19903
-76.3496 2.19903
-76.3496 2.19903
-76.3496 2.19903
-76.3496 2.19903
-76.3496 2.19903
-76.3496 2.19903
-76.3496 2.19903
-76.3496 2.19903
-76.3496 2.19903
-76.3496 2.19903
-76.2863 2.21975
-76.2863 2.21975
-76.2863 2.21975
-76.2863 2.21975
-76.2863 2.21975
-76.2863 2.21975
-76.2863 2.21975
-76.3226 2.27141
-76.3226 2.27141
-76.3226 2.27141
-76.3226 2.27141
-76.3226 2.27141
-76.3226 2.27141
-76.3226 2.27141
-76.3226 2.27141
-76.3226 2.27141
-76.3226 2.27141
-76.3226 2.27141
-76.3226 2.27141
-76.3798 2.27517
-76.3798 2.27517
-76.3798 2.27517
-76.3798 2.27517
-76.3798 2.27517
-76.3798 2.27517
-76.584 2.29444
-76.584 2.29444
-76.584 2.29444
-76.584 2.29444
-76.584 2.29444
-76.584 2.29444
-76.584 2.29444
-76.584 2.29444
-76.584 2.29444
-76.584 2.29444
-76.6449 2.3038
-76.6449 2.3038
-76.6449 2.3038
-76.6449 2.3038
-76.6449 2.3038
-76.6449 2.3038
-76.6449 2.3038
-76.6449 2.3038
-76.6449 2.3038
-76.6449 2.3038
-76.6816 2.31335
-76.6816 2.31335
-76.6816 2.31335
-76.6816 2.31335
-76.6816 2.31335
-76.6816 2.31335
-76.6816 2.31335
-76.6816 2.31335
-76.6943 2.32204
-76.6943 2.32204
-76.6943 2.32204
-76.6943 2.32204
-76.6943 2.32204
-76.6943 2.32204
-76.6943 2.32204
-76.6943 2.32204
-76.6943 2.32204
-76.735 2.33443
-76.735 2.33443
-76.735 2.33443
-76.735 2.33443
-76.735 2.33443
-76.735 2.33443
-76.735 2.33443
-76.7511 2.33879
-76.7511 2.33879
-76.7511 2.33879
-76.7511 2.33879
-76.7511 2.33879
-76.7511 2.33879
-76.7511 2.33879
-76.7511 2.33879
-76.7511 2.33879
-76.7616 2.34246
-76.7616 2.34246
-76.7616 2.34246
-76.7616 2.34246
-76.7616 2.34246
-76.7616 2.34246
-76.7616 2.34246
-76.7473 2.34438
-76.7473 2.34438
-76.7473 2.34438
-76.7473 2.34438
-76.7473 2.34438
-76.7473 2.34438
-76.7473 2.34438
-76.7473 2.34438
-76.7473 2.34438
-76.7473 2.34438
-76.7724 2.34647
-76.7724 2.34647
-76.7724 2.34647
-76.7724 2.34647
-76.7724 2.34647
-76.7724 2.34647
-76.8011 2.34793
-76.8011 2.34793
-76.8011 2.34793
-76.8011 2.34793
-76.8011 2.34793
-76.8011 2.34793
-76.7958 2.34974
-76.7958 2.34974
-76.7958 2.34974
-76.7958 2.34974
-76.7958 2.34974
-76.7958 2.34974
-76.7958 2.34974
-76.7958 2.34974
-76.7958 2.34974
-76.7958 2.34974
-76.6293 2.35569
-76.6293 2.35569
-76.6293 2.35569
-76.6293 2.35569
-76.6293 2.35569
-76.6293 2.35569
-76.6348 2.35783
-76.6348 2.35783
-76.6348 2.35783
-76.6348 2.35783
-76.6348 2.35783
-76.6348 2.35783
-76.6348 2.35783
-76.6348 2.35783
-76.6348 2.35783
-76.657 2.36001
-76.657 2.36001
-76.657 2.36001
-76.657 2.36001
-76.657 2.36001
-76.6691 2.36364
-76.6691 2.36364
-76.6691 2.36364
-76.6691 2.36364
-76.6691 2.36364
-76.714 2.36884
-76.714 2.36884
-76.714 2.36884
-76.714 2.36884
-76.714 2.36884
-76.714 2.36884
-76.714 2.36884
-76.714 2.36884
-76.714 2.36884
-76.714 2.36884
-76.714 2.36884
-76.7623 2.37074
-76.7623 2.37074
-76.7623 2.37074
-76.7623 2.37074
-76.7623 2.37074
-76.7623 2.37074
-76.7623 2.37074
-76.7623 2.37074
-76.7623 2.37074
-76.7623 2.37074
-76.8021 2.37109
-76.8021 2.37109
-76.8021 2.37109
-76.8021 2.37109
-76.8021 2.37109
-76.8021 2.37109
-76.8021 2.37109
-76.8021 2.37109
-76.8021 2.37109
-76.8021 2.37109
-76.8186 2.37157
-76.8186 2.37157
-76.8186 2.37157
-76.8186 2.37157
-76.8186 2.37157
-76.8186 2.37157
-76.8347 2.37197
-76.8347 2.37197
-76.8347 2.37197
-76.8347 2.37197
-76.8347 2.37197
-76.8347 2.37197
-76.8347 2.37197
-76.8347 2.37197
-76.8347 2.37197
-76.8587 2.37261
-76.8587 2.37261
-76.8587 2.37261
-76.8587 2.37261
-76.8587 2.37261
-76.8587 2.37261
-76.8587 2.37261
-76.8587 2.37261
-76.8751 2.37273
-76.8751 2.37273
-76.8751 2.37273
-76.8751 2.37273
-76.8751 2.37273
-76.8751 2.37273
-76.8751 2.37273
-76.8751 2.37273
-76.8751 2.37273
-76.9112 2.37294
-76.9112 2.37294
-76.9112 2.37294
-76.9112 2.37294
-76.9112 2.37294
-76.9112 2.37294
-76.9112 2.37294
-76.9112 2.37294
-76.9112 2.37294
-76.9496 2.37285
-76.9496 2.37285
-76.9496 2.37285
-76.9496 2.37285
-76.9496 2.37285
-76.9496 2.37285
-76.9823 2.37276
-76.9823 2.37276
-76.9823 2.37276
-76.9823 2.37276
-76.9823 2.37276
-76.9823 2.37276
-76.9823 2.37276
-76.9823 2.37276
-76.9823 2.37276
-77.0284 2.37237
-77.0284 2.37237
-77.0284 2.37237
-77.0284 2.37237
-77.0284 2.37237
-77.0284 2.37237
-77.0284 2.37237
-77.0284 2.37237
-77.0284 2.37237
-77.0291 2.37235
-77.0291 2.37235
-77.0291 2.37235
-77.0291 2.37235
-77.0291 2.37235
-77.0291 2.37235
-77.0291 2.37235
-77.0291 2.37235
-77.0291 2.37235
-77.02 2.37209
-77.02 2.37209
-77.02 2.37209
-77.02 2.37209
-77.02 2.37209
-77.02 2.37209
-77.02 2.37209
-77.031 2.37084
-77.031 2.37084
-77.031 2.37084
-77.031 2.37084
-77.031 2.37084
-77.031 2.37084
-77.031 2.37084
-77.031 2.37084
-77.031 2.37084
-77.0266 2.36751
-77.0266 2.36751
-77.0266 2.36751
-77.0266 2.36751
-77.0266 2.36751
-77.1715 2.3564
-77.1715 2.3564
-77.1715 2.3564
-77.1715 2.3564
-77.1715 2.3564
-77.1715 2.3564
-77.1715 2.3564
-77.1715 2.3564
-77.2661 2.34931
-77.2661 2.34931
-77.2661 2.34931
-77.2661 2.34931
-77.2661 2.34931
-77.2661 2.34931
-77.2661 2.34931
-77.2661 2.34931
-77.2661 2.34931
-77.2661 2.34931
-77.3564 2.34517
-77.3564 2.34517
-77.3564 2.34517
-77.3564 2.34517
-77.3564 2.34517
-77.3564 2.34517
-77.3564 2.34517
-77.3564 2.34517
-77.3564 2.34517
-77.3861 2.34404
-77.3861 2.34404
-77.3861 2.34404
-77.3861 2.34404
-77.3861 2.34404
-77.3861 2.34404
-77.3861 2.34404
-77.3861 2.34404
-77.4225 2.34611
-77.4225 2.34611
-77.4225 2.34611
-77.4225 2.34611
-77.4225 2.34611
-77.4225 2.34611
-77.4225 2.34611
-77.4225 2.34611
-77.4225 2.34611
-77.4746 2.35113
-77.4746 2.35113
-77.4746 2.35113
-77.4746 2.35113
-77.4746 2.35113
-77.4746 2.35113
-77.788 2.36557
-77.788 2.36557
-77.788 2.36557
-77.788 2.36557
-77.7088 2.37205
-77.7088 2.37205
-77.7088 2.37205
-77.7088 2.37205
-77.7088 2.37205
-77.7088 2.37205
-77.7088 2.37205
-77.8389 2.37807
-77.8389 2.37807
-77.8389 2.37807
-77.8389 2.37807
-77.8389 2.37807
-77.8389 2.37807
-77.8389 2.37807
-77.8389 2.37807
-77.8389 2.37807
-77.8389 2.37807
-77.8895 2.38535
-77.8895 2.38535
-77.8895 2.38535
-77.8895 2.38535
-77.8895 2.38535
-77.9307 2.39482
-77.9307 2.39482
-77.9307 2.39482
-77.9307 2.39482
-77.9307 2.39482
-77.9307 2.39482
-77.9307 2.39482
-77.9116 2.40579
-77.9116 2.40579
-77.9116 2.40579
-77.9116 2.40579
-77.9116 2.40579
-77.9116 2.40579
-77.9116 2.40579
-77.9116 2.40579
-77.9116 2.40579
-77.9116 2.40579
-77.9116 2.40579
-77.8961 2.41365
-77.8961 2.41365
-77.8961 2.41365
-77.8961 2.41365
-77.8961 2.41365
-77.8961 2.41365
-77.8961 2.41365
-77.899 2.4185
-77.899 2.4185
-77.899 2.4185
-77.899 2.4185
-77.899 2.4185
-77.8906 2.42311
-77.8906 2.42311
-77.8906 2.42311
-77.8906 2.42311
-77.8906 2.42311
-77.8906 2.42311
-77.8906 2.42311
-77.9007 2.42646
-77.9007 2.42646
-77.9007 2.42646
-77.9007 2.42646
-77.9007 2.42646
-77.9397 2.42794
-77.9397 2.42794
-77.9397 2.42794
-77.9397 2.42794
-77.9397 2.42794
-77.9397 2.42794
-77.9624 2.42882
-77.9624 2.42882
-77.9624 2.42882
-77.9624 2.42882
-77.9624 2.42882
-77.9624 2.42882
-77.9624 2.42882
-77.9624 2.42882
-77.9624 2.42882
-77.9656 2.42966
-77.9656 2.42966
-77.9656 2.42966
-77.9656 2.42966
-78.0209 2.4299
-78.0209 2.4299
-78.0209 2.4299
-78.0209 2.4299
-78.0209 2.4299
-78.0209 2.4299
-78.0209 2.4299
-78.0834 2.42865
-78.0834 2.42865
-78.0834 2.42865
-78.0834 2.42865
-78.0834 2.42865
-78.0834 2.42865
-78.0834 2.42865
-78.1265 2.42632
-78.1265 2.42632
-78.1265 2.42632
-78.1265 2.42632
-78.1265 2.42632
-78.1265 2.42632
-78.1265 2.42632
-78.2522 2.42221
-78.2522 2.42221
-78.2522 2.42221
-78.2522 2.42221
-78.1121 2.42068
-78.1121 2.42068
-78.1121 2.42068
-78.1121 2.42068
-78.1121 2.42068
-78.1121 2.42068
-78.1121 2.42068
-78.0229 2.42073
-78.0229 2.42073
-78.0229 2.42073
-78.0229 2.42073
-78.0229 2.42073
-78.0229 2.42073
-77.9736 2.42049
-77.9736 2.42049
-77.9736 2.42049
-77.9736 2.42049
-77.9736 2.42049
-77.9736 2.42049
-77.9736 2.42049
-78.2067 2.41961
-78.2067 2.41961
-78.2067 2.41961
-78.2067 2.41961
-78.2067 2.41961
-78.2067 2.41961
-78.2067 2.41961
-78.2067 2.41961
-78.2067 2.41961
-78.2664 2.41835
-78.2664 2.41835
-78.2664 2.41835
-78.2664 2.41835
-78.2664 2.41835
-78.2664 2.41835
-78.2664 2.41835
-78.2682 2.41679
-78.2682 2.41679
-78.2682 2.41679
-78.2682 2.41679
-78.2682 2.41679
-78.2311 2.41609
-78.2311 2.41609
-78.2311 2.41609
-78.2311 2.41609
-78.2311 2.41609
-77.9924 2.41894
-77.9924 2.41894
-77.9924 2.41894
-77.9924 2.41894
-77.9924 2.41894
-77.9924 2.41894
-77.9924 2.41894
-77.8357 2.42711
-77.8357 2.42711
-77.8357 2.42711
-77.8357 2.42711
-77.8357 2.42711
-77.8357 2.42711
-77.6329 2.43667
-77.6329 2.43667
-77.6329 2.43667
-77.6329 2.43667
-77.6329 2.43667
-77.6329 2.43667
-77.6329 2.43667
-77.6329 2.43667
-77.5319 2.44421
-77.5319 2.44421
-77.5319 2.44421
-77.5319 2.44421
-77.5319 2.44421
-77.5319 2.44421
-77.5319 2.44421
-77.5319 2.44421
-77.493 2.45187
-77.493 2.45187
-77.493 2.45187
-77.493 2.45187
-77.493 2.45187
-77.493 2.45187
-77.4534 2.45906
-77.4534 2.45906
-77.4534 2.45906
-77.4534 2.45906
-77.4534 2.45906
-77.4534 2.45906
-77.4534 2.45906
-77.4534 2.45906
-77.4612 2.46307
-77.4612 2.46307
-77.4612 2.46307
-77.4612 2.46307
-77.4612 2.46307
-77.4612 2.46307
-77.4612 2.46307
-77.4612 2.46307
-77.4645 2.4658
-77.4645 2.4658
-77.4645 2.4658
-77.4645 2.4658
-77.4645 2.4658
-77.4645 2.4658
-77.4645 2.4658
-77.4734 2.46894
-77.4734 2.46894
-77.4734 2.46894
-77.4734 2.46894
-77.4734 2.46894
-77.4734 2.46894
-77.5039 2.4714
-77.5039 2.4714
-77.5039 2.4714
-77.5039 2.4714
-77.5039 2.4714
-77.5039 2.4714
-77.5717 2.47565
-77.5717 2.47565
-77.5717 2.47565
-77.5717 2.47565
-77.5717 2.47565
-77.5717 2.47565
-77.5717 2.47565
-77.5717 2.47565
-77.6057 2.47943
-77.6057 2.47943
-77.6057 2.47943
-77.6057 2.47943
-77.6057 2.47943
-77.6057 2.47943
-77.8244 2.48315
-77.8244 2.48315
-77.8244 2.48315
-77.8244 2.48315
-77.8244 2.48315
-77.8244 2.48315
-77.8244 2.48315
-77.8244 2.48315
-77.8244 2.48315
-77.8939 2.48454
-77.8939 2.48454
-77.8939 2.48454
-77.8939 2.48454
-77.8939 2.48454
-77.9687 2.48562
-77.9687 2.48562
-77.9687 2.48562
-77.9687 2.48562
-77.9687 2.48562
-77.8965 2.48833
-77.8965 2.48833
-77.8965 2.48833
-77.8965 2.48833
-77.8965 2.48833
-77.8965 2.48833
-77.9678 2.49011
-77.9678 2.49011
-77.9678 2.49011
-77.9678 2.49011
-78.0314 2.49239
-78.0314 2.49239
-78.0314 2.49239
-78.0314 2.49239
-78.0314 2.49239
-78.0314 2.49239
-78.0314 2.49239
-77.9615 2.49414
-77.9615 2.49414
-77.9615 2.49414
-77.9615 2.49414
-77.9615 2.49414
-77.9615 2.49414
-78.0124 2.49475
-78.0124 2.49475
-78.0124 2.49475
-78.0124 2.49475
-78.0124 2.49475
-78.0124 2.49475
-78.0124 2.49475
-78.0124 2.49475
-78.0239 2.49515
-78.0239 2.49515
-78.0239 2.49515
-78.0239 2.49515
-78.0239 2.49515
-78.0467 2.4956
-78.0467 2.4956
-78.0467 2.4956
-78.0467 2.4956
-78.0467 2.4956
-78.0589 2.4966
-78.0589 2.4966
-78.0589 2.4966
-78.0589 2.4966
-78.0589 2.4966
-78.0589 2.4966
-78.0589 2.4966
-78.0589 2.4966
-78.0627 2.49717
-78.0627 2.49717
-78.0627 2.49717
-78.0627 2.49717
-78.0627 2.49717
-78.0627 2.49717
-78.0627 2.49717
-78.0773 2.49742
-78.0773 2.49742
-78.0773 2.49742
-78.0773 2.49742
-78.0773 2.49742
-78.0773 2.49742
-78.0959 2.49641
-78.0959 2.49641
-78.0959 2.49641
-78.0959 2.49641
-78.0959 2.49641
-78.0959 2.49641
-78.0959 2.49641
-78.0959 2.49641
-78.0959 2.49641
-78.0959 2.49641
-78.0959 2.49641
-78.1168 2.49609
-78.1168 2.49609
-78.1168 2.49609
-78.1168 2.49609
-78.1168 2.49609
-78.1168 2.49609
-78.1168 2.49609
-78.1168 2.49609
-78.1168 2.49609
-78.1168 2.49609
-78.1494 2.49586
-78.1494 2.49586
-78.1494 2.49586
-78.1494 2.49586
-78.1494 2.49586
-78.1494 2.49586
-78.1494 2.49586
-78.1494 2.49586
-78.1864 2.49511
-78.1864 2.49511
-78.1864 2.49511
-78.1864 2.49511
-78.1864 2.49511
-78.2419 2.49333
-78.2343 2.49326
-78.2343 2.49326
-78.2343 2.49326
-78.2343 2.49326
-78.2343 2.49326
-78.2343 2.49326
-78.2343 2.49326
-78.2343 2.49326
-78.2343 2.49326
-78.2343 2.49326
-78.2473 2.49256
-78.2473 2.49256
-78.2473 2.49256
-78.2473 2.49256
-78.2473 2.49256
-78.2473 2.49256
-78.2473 2.49256
-78.2473 2.49256
-78.2362 2.49225
-78.2362 2.49225
-78.2362 2.49225
-78.2362 2.49225
-78.2362 2.49225
-78.2451 2.49212
-78.2451 2.49212
-78.2451 2.49212
-78.2451 2.49212
-78.2451 2.49212
-78.2451 2.49212
-78.2451 2.49212
-78.2451 2.49212
-78.2378 2.49246
-78.2378 2.49246
-78.2378 2.49246
-78.2378 2.49246
-78.2378 2.49246
-78.2378 2.49246
-78.2378 2.49246
-77.7642 2.4964
-77.7642 2.4964
-77.7642 2.4964
-77.7642 2.4964
-77.5248 2.49899
-77.5248 2.49899
-77.5248 2.49899
-77.5248 2.49899
-77.5248 2.49899
-77.5248 2.49899
-77.4766 2.50011
-77.4766 2.50011
-77.4766 2.50011
-77.4766 2.50011
-77.4766 2.50011
-77.3909 2.50226
-77.3909 2.50226
-77.3909 2.50226
-77.3909 2.50226
-77.3909 2.50226
-77.3909 2.50226
-77.4422 2.50378
-77.4422 2.50378
-77.4422 2.50378
-77.4422 2.50378
-77.4422 2.50378
-77.4422 2.50378
-77.4422 2.50378
-77.4422 2.50378
-77.4613 2.50364
-77.4613 2.50364
-77.4613 2.50364
-77.4613 2.50364
-77.4613 2.50364
-77.4613 2.50364
-77.6722 2.5032
-77.6722 2.5032
-77.6722 2.5032
-77.6722 2.5032
-77.6722 2.5032
-77.6722 2.5032
-78.7082 2.49475
-78.7082 2.49475
-78.7082 2.49475
-78.7082 2.49475
-78.7082 2.49475
-78.7082 2.49475
-78.7082 2.49475
-78.7595 2.49259
-78.7595 2.49259
-78.7595 2.49259
-78.7595 2.49259
-78.7595 2.49259
-78.7595 2.49259
-78.7595 2.49259
-78.7595 2.49259
-78.7595 2.49259
-78.7595 2.49259
-78.7595 2.49259
-79.1125 2.48779
-79.1125 2.48779
-79.1125 2.48779
-79.1125 2.48779
-79.1125 2.48779
-79.1125 2.48779
-79.1125 2.48779
-79.1125 2.48779
-79.3696 2.48543
-79.3696 2.48543
-79.3696 2.48543
-79.3696 2.48543
-79.3696 2.48543
-79.3696 2.48543
-79.3696 2.48543
-80.6025 2.47592
-80.6025 2.47592
-80.6025 2.47592
-80.6025 2.47592
-80.6025 2.47592
-80.6025 2.47592
-80.6025 2.47592
-80.6025 2.47592
-80.6311 2.47568
-80.6311 2.47568
-80.6311 2.47568
-80.6311 2.47568
-80.6311 2.47568
-80.6311 2.47568
-80.6311 2.47568
-80.675 2.47505
-80.675 2.47505
-80.675 2.47505
-80.675 2.47505
-80.675 2.47505
-80.675 2.47505
-80.675 2.47505
-79.8364 2.47893
-79.8364 2.47893
-79.8364 2.47893
-79.8364 2.47893
-79.8364 2.47893
-79.8213 2.479
-79.8213 2.479
-79.8213 2.479
-79.8213 2.479
-79.8213 2.479
-79.8498 2.47983
-79.8498 2.47983
-79.8498 2.47983
-79.8498 2.47983
-79.8498 2.47983
-79.8498 2.47983
-79.9201 2.48012
-79.9201 2.48012
-79.9201 2.48012
-79.9201 2.48012
-79.9201 2.48012
-79.9201 2.48012
-80.1516 2.4801
-80.1516 2.4801
-80.1516 2.4801
-80.1516 2.4801
-80.1516 2.4801
-80.1516 2.4801
-80.1516 2.4801
-80.1516 2.4801
-80.1516 2.4801
-80.1958 2.48352
-80.1958 2.48352
-80.1958 2.48352
-80.1958 2.48352
-80.1958 2.48352
-80.8719 2.48552
-80.8719 2.48552
-80.8719 2.48552
-80.8719 2.48552
-80.8719 2.48552
-80.8719 2.48552
-81.0836 2.4862
-81.0836 2.4862
-81.0836 2.4862
-81.0836 2.4862
-81.0836 2.4862
-81.0836 2.4862
-81.0836 2.4862
-81.5677 2.4854
-81.5677 2.4854
-81.5677 2.4854
-81.5677 2.4854
-81.6492 2.48655
-81.6492 2.48655
-81.6492 2.48655
-81.6492 2.48655
-81.6492 2.48655
-81.6492 2.48655
-81.6492 2.48655
-81.726 2.48723
-81.726 2.48723
-81.726 2.48723
-81.726 2.48723
-81.726 2.48723
-81.7523 2.48835
-81.7523 2.48835
-81.7523 2.48835
-81.7055 2.48966
-81.7055 2.48966
-81.7055 2.48966
-81.7055 2.48966
-81.7055 2.48966
-81.7055 2.48966
-81.7055 2.48966
-81.7055 2.48966
-81.6481 2.491
-81.6481 2.491
-81.6481 2.491
-81.6481 2.491
-81.6481 2.491
-81.6481 2.491
-81.5254 2.49371
-81.5254 2.49371
-81.5254 2.49371
-81.5254 2.49371
-81.5254 2.49371
-81.3133 2.4974
-81.3133 2.4974
-81.3133 2.4974
-81.3133 2.4974
-81.3133 2.4974
-81.2661 2.49811
-81.2661 2.49811
-81.2661 2.49811
-81.2661 2.49811
-79.7181 2.51288
-79.7181 2.51288
-79.7181 2.51288
-79.7181 2.51288
-79.7181 2.51288
-79.7181 2.51288
-81.0973 2.50506
-81.0973 2.50506
-81.0973 2.50506
-81.0973 2.50506
-81.0973 2.50506
-81.0141 2.50615
-81.0141 2.50615
-81.0141 2.50615
-81.0141 2.50615
-81.0141 2.50615
-81.0141 2.50615
-81.0141 2.50615
-81.0121 2.50657
-81.0121 2.50657
-81.0121 2.50657
-81.0121 2.50657
-81.0121 2.50657
-81.0121 2.50657
-81.0001 2.50734
-81.0001 2.50734
-81.0121 2.50781
-81.0121 2.50781
-81.0121 2.50781
-81.0121 2.50781
-81.0121 2.50781
-81.006 2.50866
-81.006 2.50866
-81.006 2.50866
-81.006 2.50866
-81.006 2.50866
-81.6425 2.50033
-81.6425 2.50033
-81.6425 2.50033
-81.6425 2.50033
-81.6425 2.50033
-81.6425 2.50033
-81.6425 2.50033
-81.1913 2.5122
-81.1913 2.5122
-81.1913 2.5122
-81.1913 2.5122
-81.1382 2.51337
-81.1382 2.51337
-81.1382 2.51337
-81.1382 2.51337
-81.1382 2.51337
-81.1382 2.51337
-81.1593 2.51371
-81.1593 2.51371
-81.1593 2.51371
-81.1593 2.51371
-81.1593 2.51371
-81.1593 2.51371
-81.1593 2.51371
-81.2026 2.51408
-81.2026 2.51408
-81.2026 2.51408
-81.2026 2.51408
-81.2026 2.51408
-81.254 2.51401
-81.254 2.51401
-81.254 2.51401
-81.254 2.51401
-81.254 2.51401
-81.254 2.51401
-81.254 2.51401
-81.2952 2.51393
-81.2952 2.51393
-81.2952 2.51393
-81.2952 2.51393
-81.3783 2.51444
-81.3783 2.51444
-81.3783 2.51444
-81.3783 2.51444
-81.3964 2.51478
-81.3964 2.51478
-81.3964 2.51478
-81.3964 2.51478
-81.4042 2.51502
-81.4042 2.51502
-81.4042 2.51502
-81.4042 2.51502
-81.4042 2.51502
-81.4424 2.51522
-81.4424 2.51522
-81.4424 2.51522
-81.4424 2.51522
-81.4424 2.51522
-81.4424 2.51522
-81.4623 2.51528
-81.4623 2.51528
-81.4623 2.51528
-81.4623 2.51528
-81.4623 2.51528
-81.4623 2.51528
-81.5253 2.51503
-81.5253 2.51503
-81.5253 2.51503
-81.5253 2.51503
-81.5253 2.51503
-81.529 2.51496
-81.529 2.51496
-81.529 2.51496
-81.529 2.51496
-81.529 2.51496
-81.549 2.51458
-81.549 2.51458
-81.549 2.51458
-81.549 2.51458
-81.549 2.51458
-81.549 2.51458
-81.549 2.51458
-81.5543 2.51414
-81.5543 2.51414
-81.5543 2.51414
-81.5543 2.51414
-81.493 2.51266
-81.493 2.51266
-81.4823 2.51159
-81.4823 2.51159
-81.4823 2.51159
-81.4823 2.51159
-81.4366 2.50953
-81.4366 2.50953
-81.4366 2.50953
-81.4366 2.50953
-81.4366 2.50953
-81.3712 2.50686
-81.3712 2.50686
-81.3712 2.50686
-81.3712 2.50686
-81.3712 2.50686
-81.1266 2.50261
-81.1266 2.50261
-81.1266 2.50261
-81.1266 2.50261
-81.1266 2.50261
-81.0419 2.50099
-81.0419 2.50099
-81.0419 2.50099
-81.0419 2.50099
-81.0419 2.50099
-81.0419 2.50099
-80.7463 2.49832
-80.7463 2.49832
-80.7463 2.49832
-80.7463 2.49832
-80.7463 2.49832
-80.5877 2.49621
-80.5877 2.49621
-80.5877 2.49621
-80.5877 2.49621
-80.5877 2.49621
-80.5877 2.49621
-80.5877 2.49621
-80.5877 2.49621
-80.3832 2.49422
-80.3832 2.49422
-80.0511 2.48996
-80.0511 2.48996
-80.0511 2.48996
-80.0511 2.48996
-80.6885 2.48328
-80.6885 2.48328
-80.6885 2.48328
-80.6885 2.48328
-80.6885 2.48328
-80.6885 2.48328
-80.6495 2.48348
-80.6495 2.48348
-80.6495 2.48348
-80.6495 2.48348
-80.6495 2.48348
-80.497 2.48259
-80.497 2.48259
-80.497 2.48259
-80.497 2.48259
-80.1748 2.4833
-80.1748 2.4833
-80.1748 2.4833
-80.1748 2.4833
-80.1748 2.4833
-80.1748 2.4833
-80.1748 2.4833
-79.0663 2.48718
-79.0663 2.48718
-79.0663 2.48718
-79.4233 2.48532
-79.4233 2.48532
-79.4233 2.48532
-79.4233 2.48532
-79.4233 2.48532
-79.4233 2.48532
-79.4233 2.48532
-79.4081 2.48537
-79.4081 2.48537
-79.4081 2.48537
-79.4081 2.48537
-79.4081 2.48537
-79.4081 2.48537
-79.4081 2.48537
-79.1429 2.48527
-79.1429 2.48527
-79.1429 2.48527
-78.4384 2.48664
-78.4384 2.48664
-78.4384 2.48664
-78.4384 2.48664
-78.4384 2.48664
-77.5079 2.48983
-77.5079 2.48983
-77.5079 2.48983
-77.5079 2.48983
-77.5079 2.48983
-77.3594 2.49064
-77.3594 2.49064
-77.3594 2.49064
-77.3594 2.49064
-77.3594 2.49064
-77.3594 2.49064
-77.0345 2.49178
-77.0345 2.49178
-77.0345 2.49178
-77.0345 2.49178
-77.0345 2.49178
-76.9759 2.49241
-76.9759 2.49241
-76.9759 2.49241
-76.9759 2.49241
-76.9759 2.49241
-76.9311 2.49335
-76.9311 2.49335
-76.9311 2.49335
-76.9311 2.49335
-76.9311 2.49335
-76.9311 2.49335
-76.9211 2.49364
-76.9211 2.49364
-76.9211 2.49364
-76.9211 2.49364
-76.9211 2.49364
-76.9211 2.49364
-76.9786 2.49251
-76.9786 2.49251
-76.9786 2.49251
-76.9786 2.49251
-76.9786 2.49251
-76.9786 2.49251
-76.9786 2.49251
-76.9786 2.49251
-76.9929 2.49172
-76.9929 2.49172
-76.9929 2.49172
-76.9929 2.49172
-76.9929 2.49172
-76.9929 2.49172
-76.9965 2.49103
-76.9965 2.49103
-76.9965 2.49103
-76.9965 2.49103
-76.9965 2.49103
-76.9495 2.49109
-76.9495 2.49109
-76.9495 2.49109
-76.9495 2.49109
-76.9495 2.49109
-76.9032 2.49124
-76.9032 2.49124
-76.9032 2.49124
-76.9664 2.49075
-76.9664 2.49075
-76.9664 2.49075
-76.9664 2.49075
-76.9664 2.49075
-76.9664 2.49075
-76.9038 2.48989
-76.9038 2.48989
-76.9038 2.48989
-76.9038 2.48989
-76.9038 2.48989
-76.9038 2.48989
-76.8328 2.49053
-76.8328 2.49053
-76.8328 2.49053
-76.8328 2.49053
-76.8328 2.49053
-76.8328 2.49053
-77.3729 2.48785
-77.3729 2.48785
-77.3729 2.48785
-77.3729 2.48785
-77.3729 2.48785
-77.3729 2.48785
-76.7638 2.49049
-76.7638 2.49049
-76.7638 2.49049
-76.7638 2.49049
-76.6823 2.49088
-76.6823 2.49088
-76.6823 2.49088
-76.6823 2.49088
-76.6823 2.49088
-76.6823 2.49088
-76.6823 2.49088
-76.6823 2.49088
-76.6445 2.49106
-76.6445 2.49106
-76.6445 2.49106
-76.6445 2.49106
-76.6445 2.49106
-76.6445 2.49106
-76.6445 2.49106
-76.6445 2.49106
-76.6445 2.49106
-76.6313 2.49103
-76.6313 2.49103
-76.6313 2.49103
-76.6313 2.49103
-76.6244 2.49097
-76.6244 2.49097
-76.6244 2.49097
-76.6244 2.49097
-76.6244 2.49097
-76.6244 2.49097
-76.5979 2.49093
-76.5979 2.49093
-76.5979 2.49093
-76.5979 2.49093
-76.5979 2.49093
-76.5979 2.49093
-76.5979 2.49093
-76.5979 2.49093
-76.5979 2.49093
-76.5979 2.49093
-76.5962 2.49149
-76.5962 2.49149
-76.5962 2.49149
-76.6458 2.49231
-76.6458 2.49231
-76.6458 2.49231
-76.6458 2.49231
-76.6458 2.49231
-76.6458 2.49231
-76.6877 2.49367
-76.6877 2.49367
-76.6877 2.49367
-76.6877 2.49367
-76.6819 2.4945
-76.6819 2.4945
-76.6819 2.4945
-76.6819 2.4945
-76.6819 2.4945
-76.6765 2.49511
-76.6765 2.49511
-76.6765 2.49511
-76.6765 2.49511
-76.6765 2.49511
-76.6765 2.49511
-76.6664 2.49609
-76.6664 2.49609
-76.6664 2.49609
-76.6664 2.49609
-76.6664 2.49609
-76.6664 2.49609
-76.6712 2.49647
-76.6712 2.49647
-76.6712 2.49647
-76.6712 2.49647
-76.6712 2.49647
-76.6712 2.49647
-76.6712 2.49647
-76.6712 2.49647
-76.6893 2.49655
-76.6893 2.49655
-76.6893 2.49655
-76.6893 2.49655
-76.6893 2.49655
-76.6893 2.49655
-76.6893 2.49655
-76.7006 2.49682
-76.7006 2.49682
-76.7006 2.49682
-76.7006 2.49682
-76.7006 2.49682
-76.7006 2.49682
-76.7016 2.49739
-76.7016 2.49739
-76.7016 2.49739
-76.7016 2.49739
-76.7101 2.49789
-76.7101 2.49789
-76.7101 2.49789
-76.7101 2.49789
-76.7418 2.49828
-76.7418 2.49828
-76.7418 2.49828
-76.7418 2.49828
-76.7418 2.49828
-76.7418 2.49828
-76.7418 2.49828
-76.7418 2.49828
-76.7418 2.49828
-76.7529 2.4985
-76.7529 2.4985
-76.7529 2.4985
-76.7529 2.4985
-76.7529 2.4985
-76.7529 2.4985
-76.7529 2.4985
-76.745 2.49885
-76.745 2.49885
-76.745 2.49885
-76.745 2.49885
-76.745 2.49885
-76.7478 2.49894
-76.7478 2.49894
-76.7478 2.49894
-76.7478 2.49894
-76.7478 2.49894
-76.7474 2.49936
-76.7474 2.49936
-76.7474 2.49936
-76.7474 2.49936
-76.7474 2.49936
-76.7474 2.49936
-76.7474 2.49936
-76.7588 2.49939
-76.7588 2.49939
-76.7588 2.49939
-76.7588 2.49939
-76.7454 2.49963
-76.7454 2.49963
-76.7454 2.49963
-76.7454 2.49963
-76.7454 2.49963
-76.7454 2.49963
-76.7543 2.49974
-76.7543 2.49974
-76.7543 2.49974
-76.7543 2.49974
-76.7543 2.49974
-76.7543 2.49974
-76.6722 2.50009
-76.6722 2.50009
-76.6722 2.50009
-76.6722 2.50009
-76.6722 2.50009
-76.6722 2.50009
-76.6722 2.50009
-76.6722 2.50009
-76.6722 2.50009
-76.6722 2.50009
-76.6739 2.50019
-76.6739 2.50019
-76.6739 2.50019
-76.6739 2.50019
-76.674 2.50029
-76.674 2.50029
-76.674 2.50029
-76.674 2.50029
-76.6991 2.50023
-76.6991 2.50023
-76.6991 2.50023
-76.6991 2.50023
-76.6991 2.50023
-76.6991 2.50023
-76.7215 2.50024
-76.7215 2.50024
-76.7215 2.50024
-76.7215 2.50024
-76.7215 2.50024
-76.7215 2.50024
-76.7238 2.50021
-76.7238 2.50021
-76.7238 2.50021
-76.7312 2.50021
-76.7312 2.50021
-76.7312 2.50021
-76.7399 2.50017
-76.7399 2.50017
-76.7399 2.50017
-76.7372 2.50013
-76.7372 2.50013
-76.7372 2.50013
-76.7447 2.50039
-76.7447 2.50039
-76.7364 2.50046
-76.7364 2.50046
-76.7364 2.50046
-76.743 2.50046
-76.7407 2.50047
-76.741 2.50039
-76.741 2.50039
-76.741 2.50039
-76.7322 2.50038
-76.7322 2.50038
-76.7458 2.50037
-76.7601 2.5004
-76.7601 2.5004
-76.7581 2.50044
-76.7581 2.50044
-76.7581 2.50044
-76.7581 2.50044
-76.7456 2.5009
-76.7456 2.5009
-76.7456 2.5009
-76.7456 2.5009
-76.7581 2.50124
-76.7581 2.50124
-76.7744 2.50296
-76.7744 2.50296
-77.596 2.50915
-77.596 2.50915
-77.596 2.50915
-77.1175 2.51307
-77.1175 2.51307
-77.0455 2.5152
-77.0455 2.5152
-77.0455 2.5152
-77.0455 2.5152
-77.0455 2.5152
-77.0138 2.51697
-77.0138 2.51697
-77.0138 2.51697
-76.9857 2.51966
-76.9857 2.51966
-76.9857 2.51966
-76.9857 2.51966
-76.9619 2.51954
-76.9619 2.51954
-76.8748 2.51951
-76.8748 2.51951
-76.9545 2.51724
-76.9545 2.51724
-76.9545 2.51724
-76.9545 2.51724
-77.76 2.51329
-77.76 2.51329
-77.76 2.51329
-77.9499 2.51076
-77.9499 2.51076
-77.9499 2.51076
-77.9499 2.51076
-78.4179 2.50603
-78.6351 2.5039
-78.6351 2.5039
-78.6351 2.5039
-78.6351 2.5039
-78.7776 2.50149
-78.7776 2.50149
-78.7776 2.50149
-78.7776 2.50149
-79.0211 2.4981
-78.9996 2.49696
-78.9996 2.49696
-78.9996 2.49696
-78.9996 2.49696
-79.2294 2.49479
-79.2294 2.49479
-79.2294 2.49479
-79.2294 2.49479
-79.4115 2.49271
-79.4115 2.49271
-79.4115 2.49271
-79.6207 2.49148
-79.6207 2.49148
-79.6207 2.49148
-79.6207 2.49148
-80.1064 2.48893
-80.1064 2.48893
-80.4473 2.48631
-80.4473 2.48631
-80.4473 2.48631
-80.5711 2.48454
-80.5711 2.48454
-80.5711 2.48454
-80.9341 2.48059
-80.9341 2.48059
-80.9341 2.48059
-80.9341 2.48059
-81.1431 2.47805
-81.2775 2.47641
-81.2775 2.47641
-81.2775 2.47641
-81.3309 2.47475
-81.3309 2.47475
-81.3309 2.47475
-81.3309 2.47475
-81.3309 2.47475
-81.4593 2.47152
-81.4593 2.47152
-81.4593 2.47152
-81.6298 2.46764
-81.6298 2.46764
-81.6298 2.46764
-81.6298 2.46764
-81.6298 2.46764
-81.8086 2.46472
-81.8086 2.46472
-81.8086 2.46472
-81.8086 2.46472
-82.0909 2.46142
-82.0909 2.46142
-82.0909 2.46142
-82.0909 2.46142
-82.3539 2.46038
-82.3539 2.46038
-82.3539 2.46038
-82.3539 2.46038
-83.3536 2.45843
-83.2429 2.45891
-83.2429 2.45891
-83.2429 2.45891
-83.2429 2.45891
-83.2364 2.45929
-83.2364 2.45929
-83.2364 2.45929
-84.2638 2.45994
-84.2638 2.45994
-84.2638 2.45994
-84.7128 2.463
-84.7128 2.463
-84.7617 2.46179
-84.7617 2.46179
-84.7617 2.46179
-84.7617 2.46179
-84.7732 2.46176
-84.7732 2.46176
-84.7732 2.46176
-84.8556 2.46262
-84.8556 2.46262
-85.0082 2.46377
-85.0082 2.46377
-85.0082 2.46377
-85.1342 2.46415
-85.1342 2.46415
-85.1342 2.46415
-85.3182 2.46685
-85.3182 2.46685
-85.3182 2.46685
-85.3695 2.46697
-85.3695 2.46697
-85.3695 2.46697
-85.464 2.46734
-85.464 2.46734
-85.5815 2.46767
-85.5815 2.46767
-85.5815 2.46767
-85.8716 2.46821
-85.8716 2.46821
-85.8716 2.46821
-85.8716 2.46821
-86.0309 2.46847
-86.0309 2.46847
-86.0309 2.46847
-86.2106 2.46788
-86.2106 2.46788
-86.2106 2.46788
-86.2106 2.46788
-86.398 2.46766
-86.398 2.46766
-86.5415 2.46771
-86.5415 2.46771
-86.5415 2.46771
-86.5415 2.46771
-86.6854 2.46817
-86.6854 2.46817
-86.6854 2.46817
-86.8248 2.46793
-86.8248 2.46793
-86.8248 2.46793
-86.8641 2.46936
-86.8641 2.46936
-86.9114 2.46946
-86.9114 2.46946
-86.9114 2.46946
-87.185 2.46887
-87.185 2.46887
-87.185 2.46887
-87.1123 2.46946
-87.1123 2.46946
-87.1123 2.46946
-87.1123 2.46946
-87.1123 2.46946
-87.0833 2.46946
-87.0833 2.46946
-87.242 2.46923
-87.242 2.46923
-87.242 2.46923
-87.242 2.46923
-87.2948 2.46954
-87.2948 2.46954
-87.3376 2.47046
-87.3376 2.47046
-87.2351 2.4705
-87.2351 2.4705
-87.2351 2.4705
-87.2351 2.4705
-87.2351 2.4705
-87.3206 2.47003
-87.3206 2.47003
-87.3538 2.4694
-87.3538 2.4694
-87.3538 2.4694
-87.3538 2.4694
-87.3905 2.46875
-87.3905 2.46875
-87.3905 2.46875
-87.3905 2.46875
-87.3839 2.46846
-87.3839 2.46846
-87.4091 2.46743
-87.4091 2.46743
-87.4091 2.46743
-87.4743 2.46692
-87.4743 2.46692
-87.4743 2.46692
-87.164 2.46621
-87.1829 2.4659
-87.1829 2.4659
-87.3091 2.46507
-87.3091 2.46507
-87.3091 2.46507
-87.3119 2.46355
-87.3119 2.46355
-87.4572 2.46248
-87.4572 2.46248
-87.5121 2.46125
-87.5121 2.46125
-87.5121 2.46125
-87.4843 2.45924
-87.4843 2.45924
-87.4843 2.45924
-87.4843 2.45924
-87.4933 2.45737
-87.4933 2.45737
-87.5107 2.4552
-87.5107 2.4552
-87.5107 2.4552
-87.4611 2.45281
-87.4611 2.45281
-87.4611 2.45281
-87.4079 2.45121
-87.4079 2.45121
-87.4079 2.45121
-87.2932 2.44903
-87.2932 2.44903
-87.2932 2.44903
-87.172 2.44749
-87.172 2.44749
-87.172 2.44749
-86.9481 2.44579
-86.9481 2.44579
-86.399 2.44511
-86.399 2.44511
-86.399 2.44511
-86.2277 2.44552
-86.2277 2.44552
-86.2277 2.44552
-86.2277 2.44552
-85.2182 2.44533
-85.2182 2.44533
-85.2182 2.44533
-84.047 2.44744
-84.047 2.44744
-84.047 2.44744
-85.1264 2.4407
-85.1264 2.4407
-85.1264 2.4407
-85.1264 2.4407
-85.1264 2.4407
-85.1264 2.4407
-85.1264 2.4407
-85.0872 2.44149
-85.0872 2.44149
-85.0891 2.44145
-85.0891 2.44145
-85.0891 2.44145
-84.9091 2.44172
-84.9091 2.44172
-84.9091 2.44172
-84.9091 2.44172
-84.7078 2.44115
-84.7078 2.44115
-84.7078 2.44115
-83.0992 2.44669
-83.4319 2.44363
-83.4319 2.44363
-83.401 2.44412
-83.401 2.44412
-83.401 2.44412
-82.9334 2.44668
-82.9334 2.44668
-82.9334 2.44668
-82.9334 2.44668
-82.9334 2.44668
-82.3345 2.45176
-82.3345 2.45176
-82.3345 2.45176
-82.0708 2.45504
-81.5449 2.45899
-81.5449 2.45899
-81.5449 2.45899
-81.5449 2.45899
-81.5449 2.45899
-81.2397 2.46259
-81.2397 2.46259
-81.2397 2.46259
-80.9286 2.46709
-80.9286 2.46709
-80.9286 2.46709
-80.9286 2.46709
-80.4948 2.47169
-80.4948 2.47169
-80.1493 2.47452
-80.1493 2.47452
-80.1493 2.47452
-80.1912 2.47629
-80.1912 2.47629
-80.1912 2.47629
-80.1912 2.47629
-80.1739 2.47909
-80.1739 2.47909
-80.1739 2.47909
-80.1739 2.47909
-79.9926 2.48273
-79.782 2.48651
-79.782 2.48651
-79.782 2.48651
-79.782 2.48651
-79.6574 2.48946
-79.6574 2.48946
-79.6574 2.48946
-79.5304 2.49152
-79.5304 2.49152
-79.5304 2.49152
-79.5304 2.49152
-79.1536 2.49379
-79.1536 2.49379
-79.1536 2.49379
-78.4478 2.49838
-78.4478 2.49838
-78.4478 2.49838
-78.4211 2.49874
-78.4211 2.49874
-78.4211 2.49874
-78.4211 2.49874
-78.4211 2.49874
-78.3785 2.49891
-78.3785 2.49891
-78.1153 2.50002
-78.1153 2.50002
-78.1153 2.50002
-78.0508 2.50121
-78.0508 2.50121
-78.0508 2.50121
-78.0508 2.50121
-77.9759 2.50224
-77.9759 2.50224
-77.9759 2.50224
-77.9759 2.50224
-78.0276 2.50273
-78.0276 2.50273
-78.0276 2.50273
-78.0694 2.50291
-78.0694 2.50291
-78.1051 2.50203
-78.1051 2.50203
-78.1385 2.50134
-78.1385 2.50134
-78.1385 2.50134
-78.1385 2.50134
-78.1385 2.50134
-78.1385 2.50134
-78.2888 2.49903
-78.2888 2.49903
-78.2708 2.49743
-78.2708 2.49743
-78.2708 2.49743
-78.1799 2.49512
-78.1799 2.49512
-78.1799 2.49512
-78.1799 2.49512
-78.3203 2.49314
-78.3203 2.49314
-78.3203 2.49314
-78.343 2.49222
-78.343 2.49222
-78.343 2.49222
-78.3078 2.49193
-78.3126 2.49189
-78.3126 2.49189
-78.3126 2.49189
-78.3126 2.49189
-78.3126 2.49189
-78.3077 2.4922
-78.3077 2.4922
-78.3077 2.4922
-78.3077 2.4922
-78.2444 2.49338
-78.2444 2.49338
-78.2176 2.49499
-78.2176 2.49499
-78.2176 2.49499
-78.2176 2.49499
-78.1173 2.49683
-78.1173 2.49683
-78.1173 2.49683
-78.1173 2.49683
-78.2879 2.4974
-78.2879 2.4974
-78.2879 2.4974
-78.0764 2.50012
-78.0764 2.50012
-78.0764 2.50012
-78.0169 2.50094
-78.0169 2.50094
-77.9934 2.50234
-77.9934 2.50234
-77.8827 2.50511
-77.8827 2.50511
-77.89 2.5062
-77.89 2.5062
-77.89 2.5062
-77.9682 2.50881
-77.9682 2.50881
-77.9682 2.50881
-77.9385 2.50963
-77.9385 2.50963
-77.9385 2.50963
-77.8074 2.5105
-77.8074 2.5105
-78.1193 2.51164
-78.1193 2.51164
-78.1193 2.51164
-78.0084 2.51248
-78.0084 2.51248
-78.0084 2.51248
-78.0084 2.51248
-78.0727 2.51165
-78.0727 2.51165
-78.0874 2.51112
-78.0874 2.51112
-77.878 2.51241
-77.878 2.51241
-77.878 2.51241
-78.0053 2.512
-78.0053 2.512
-78.0053 2.512
-78.0053 2.512
-77.8019 2.51337
-77.8019 2.51337
-77.8019 2.51337
-77.8019 2.51337
-77.7505 2.5141
-77.7505 2.5141
-77.6968 2.51483
-77.6968 2.51483
-77.6968 2.51483
-77.6968 2.51483
-77.6968 2.51483
-78.0295 2.51671
-78.0295 2.51671
-78.0295 2.51671
-77.8492 2.51949
-77.8492 2.51949
-77.8492 2.51949
-77.7699 2.52149
-77.7699 2.52149
-77.7699 2.52149
-77.7664 2.52225
-77.7664 2.52225
-77.7664 2.52225
-77.7664 2.52225
-77.942 2.52356
-77.942 2.52356
-77.9824 2.52414
-77.9824 2.52414
-78.0381 2.52439
-78.0381 2.52439
-78.0381 2.52439
-78.0381 2.52439
-78.0381 2.52439
-77.9337 2.52602
-77.8353 2.52708
-77.8353 2.52708
-77.8353 2.52708
-77.8353 2.52708
-77.8221 2.5276
-77.8221 2.5276
-77.8221 2.5276
-77.8221 2.5276
-77.8221 2.5276
-77.8221 2.5276
-77.8221 2.5276
-77.8221 2.5276
-77.8221 2.5276
-77.8221 2.5276
-77.8221 2.5276
-77.8221 2.5276
-77.9453 2.52687
-77.9453 2.52687
-77.9453 2.52687
-77.9453 2.52687
-77.8607 2.52787
-77.8607 2.52787
-77.8607 2.52787
-77.8607 2.52787
-77.8607 2.52787
-77.8163 2.52836
-77.8163 2.52836
-77.8163 2.52836
-77.8163 2.52836
-77.8163 2.52836
-77.8163 2.52836
-77.8163 2.52836
-77.9468 2.52879
-77.9468 2.52879
-77.9468 2.52879
-77.9468 2.52879
-77.9468 2.52879
-77.9468 2.52879
-77.9468 2.52879
-77.9086 2.52919
-77.9086 2.52919
-77.9086 2.52919
-77.9086 2.52919
-77.9086 2.52919
-77.9086 2.52919
-77.9086 2.52919
-77.9086 2.52919
-77.8704 2.53033
-77.8704 2.53033
-77.8704 2.53033
-77.8704 2.53033
-77.8704 2.53033
-77.8704 2.53033
-77.8531 2.53198
-77.8531 2.53198
-77.8531 2.53198
-77.8531 2.53198
-77.8531 2.53198
-77.8531 2.53198
-77.8531 2.53198
-77.8531 2.53198
-78.0866 2.53364
-78.0866 2.53364
-78.0866 2.53364
-78.0866 2.53364
-78.0866 2.53364
-78.0866 2.53364
-78.0866 2.53364
-77.9761 2.53622
-77.9761 2.53622
-77.9761 2.53622
-77.9761 2.53622
-77.9761 2.53622
-77.9761 2.53622
-77.9761 2.53622
-78.1017 2.53776
-78.1017 2.53776
-78.1017 2.53776
-78.1017 2.53776
-77.9131 2.53904
-77.9131 2.53904
-77.9131 2.53904
-77.9131 2.53904
-77.9131 2.53904
-77.9131 2.53904
-77.9131 2.53904
-78.0489 2.53842
-78.0489 2.53842
-78.0489 2.53842
-78.0489 2.53842
-77.826 2.53789
-77.826 2.53789
-77.826 2.53789
-77.826 2.53789
-77.826 2.53789
-77.826 2.53789
-77.826 2.53789
-77.826 2.53789
-77.826 2.53789
-77.826 2.53789
-77.826 2.53789
-77.7841 2.53775
-77.7841 2.53775
-77.7841 2.53775
-77.7841 2.53775
-77.7841 2.53775
-77.9375 2.53628
-77.9375 2.53628
-77.9375 2.53628
-78.0436 2.53408
-78.0436 2.53408
-78.0436 2.53408
-78.0436 2.53408
-77.859 2.53216
-77.859 2.53216
-77.859 2.53216
-77.859 2.53216
-77.859 2.53216
-77.859 2.53216
-77.859 2.53216
-77.859 2.53216
-77.839 2.53064
-77.839 2.53064
-77.839 2.53064
-77.839 2.53064
-77.839 2.53064
-77.8038 2.52871
-77.8038 2.52871
-77.8038 2.52871
-77.8038 2.52871
-77.8038 2.52871
-77.7895 2.52801
-77.7895 2.52801
-77.7895 2.52801
-77.7895 2.52801
-77.7895 2.52801
-77.7895 2.52801
-77.7895 2.52801
-77.7895 2.52801
-78.0287 2.5247
-78.0287 2.5247
-78.0287 2.5247
-78.0287 2.5247
-78.0287 2.5247
-78.0287 2.5247
-77.9106 2.52449
-77.9106 2.52449
-77.9106 2.52449
-77.9106 2.52449
-77.9106 2.52449
-77.9106 2.52449
-77.9071 2.52462
-77.9071 2.52462
-77.9071 2.52462
-77.9071 2.52462
-77.9071 2.52462
-77.8512 2.52509
-77.8512 2.52509
-77.8512 2.52509
-77.8512 2.52509
-77.8512 2.52509
-77.8512 2.52509
-77.8512 2.52509
-77.8584 2.52514
-77.8584 2.52514
-77.8584 2.52514
-77.8584 2.52514
-77.8584 2.52514
-77.8584 2.52514
-77.8584 2.52514
-77.8645 2.52527
-77.8645 2.52527
-77.8645 2.52527
-77.8645 2.52527
-77.8645 2.52527
-77.8645 2.52527
-77.9924 2.52625
-77.9924 2.52625
-77.9924 2.52625
-77.9924 2.52625
-77.9855 2.52697
-77.9855 2.52697
-77.9855 2.52697
-77.9855 2.52697
-77.9855 2.52697
-77.9855 2.52697
-77.9855 2.52697
-77.9846 2.52791
-77.9846 2.52791
-77.9846 2.52791
-77.9846 2.52791
-77.9846 2.52791
-78.0233 2.53089
-78.0233 2.53089
-78.0233 2.53089
-78.0233 2.53089
-78.0233 2.53089
-78.0233 2.53089
-78.0157 2.53246
-78.0157 2.53246
-78.0157 2.53246
-78.0157 2.53246
-78.0157 2.53246
-78.0157 2.53246
-78.0157 2.53246
-77.8834 2.53688
-77.8834 2.53688
-77.8834 2.53688
-77.8834 2.53688
-77.8834 2.53688
-77.8834 2.53688
-77.8833 2.53924
-77.8833 2.53924
-77.8833 2.53924
-77.8833 2.53924
-77.8833 2.53924
-77.8833 2.53924
-77.8833 2.53924
-77.8833 2.53924
-77.8833 2.53924
-77.8833 2.53924
-78.478 2.54025
-78.478 2.54025
-78.478 2.54025
-78.478 2.54025
-78.478 2.54025
-78.478 2.54025
-78.478 2.54025
-78.5755 2.54319
-78.5755 2.54319
-78.5755 2.54319
-78.5755 2.54319
-78.5755 2.54319
-78.5755 2.54319
-78.5755 2.54319
-78.7815 2.54234
-78.7815 2.54234
-78.7815 2.54234
-78.7815 2.54234
-78.7815 2.54234
-78.7815 2.54234
-78.7815 2.54234
-78.7815 2.54234
-78.91 2.54233
-78.91 2.54233
-78.91 2.54233
-78.91 2.54233
-78.91 2.54233
-78.91 2.54233
-79.2092 2.54099
-79.2092 2.54099
-79.2092 2.54099
-79.2092 2.54099
-79.2092 2.54099
-80.5846 2.52854
-80.5846 2.52854
-80.5846 2.52854
-80.5846 2.52854
-80.5846 2.52854
-80.5846 2.52854
-80.5807 2.52836
-80.5807 2.52836
-80.5807 2.52836
-80.5807 2.52836
-80.5807 2.52836
-80.6343 2.52667
-80.6343 2.52667
-80.6343 2.52667
-80.6343 2.52667
-80.6343 2.52667
-80.6343 2.52667
-80.6343 2.52667
-80.6343 2.52667
-80.6343 2.52667
-80.6753 2.5248
-80.6753 2.5248
-80.6753 2.5248
-80.6753 2.5248
-80.7424 2.52248
-80.7424 2.52248
-80.7424 2.52248
-80.7424 2.52248
-80.7525 2.52002
-80.7525 2.52002
-80.7525 2.52002
-80.7525 2.52002
-80.7525 2.52002
-80.7567 2.51927
-80.7567 2.51927
-80.7567 2.51927
-80.7567 2.51927
-80.7567 2.51927
-80.7567 2.51927
-80.7567 2.51927
-80.7669 2.51863
-80.7669 2.51863
-80.7669 2.51863
-80.7669 2.51863
-80.7531 2.51797
-80.7531 2.51797
-80.7531 2.51797
-80.7531 2.51797
-80.6897 2.51656
-80.6897 2.51656
-80.6897 2.51656
-80.6897 2.51656
-80.6897 2.51656
-80.6897 2.51656
-80.1577 2.51907
-80.1577 2.51907
-80.1577 2.51907
-80.1577 2.51907
-80.1577 2.51907
-80.1577 2.51907
-79.6209 2.51988
-79.6209 2.51988
-79.6209 2.51988
-79.6209 2.51988
-79.6209 2.51988
-79.6209 2.51988
-79.1778 2.52173
-79.1778 2.52173
-79.1778 2.52173
-79.1778 2.52173
-79.1778 2.52173
-79.1778 2.52173
-78.5576 2.52554
-78.5576 2.52554
-78.5576 2.52554
-78.5576 2.52554
-78.5576 2.52554
-77.4528 2.5319
-77.4528 2.5319
-77.4528 2.5319
-77.4528 2.5319
-77.4528 2.5319
-77.4528 2.5319
-78.0912 2.52619
-78.0912 2.52619
-78.0912 2.52619
-78.0912 2.52619
-78.0912 2.52619
-78.0912 2.52619
-77.6223 2.52737
-77.6223 2.52737
-77.6223 2.52737
-77.6223 2.52737
-77.6223 2.52737
-77.6223 2.52737
-77.5436 2.52755
-77.5436 2.52755
-77.5436 2.52755
-77.5436 2.52755
-77.5436 2.52755
-77.5436 2.52755
-77.3742 2.52755
-77.3742 2.52755
-77.3742 2.52755
-77.3742 2.52755
-77.3742 2.52755
-77.3289 2.52713
-77.3289 2.52713
-77.3289 2.52713
-77.3289 2.52713
-77.3289 2.52713
-77.3289 2.52713
-77.3289 2.52713
-77.1964 2.52668
-77.1964 2.52668
-77.1964 2.52668
-77.1964 2.52668
-77.1964 2.52668
-77.1964 2.52668
-77.3176 2.52517
-77.3176 2.52517
-77.3176 2.52517
-77.3176 2.52517
-77.3176 2.52517
-77.3176 2.52517
-77.3176 2.52517
-77.2707 2.52579
-77.2707 2.52579
-77.2707 2.52579
-77.2707 2.52579
-77.2707 2.52579
-77.2707 2.52579
-77.2707 2.52579
-77.1354 2.52496
-77.1354 2.52496
-77.1354 2.52496
-77.1354 2.52496
-77.1354 2.52496
-76.9305 2.52554
-76.9305 2.52554
-76.9305 2.52554
-76.9305 2.52554
-76.9305 2.52554
-76.9016 2.52506
-76.9016 2.52506
-76.9016 2.52506
-76.9016 2.52506
-76.9016 2.52506
-76.9016 2.52506
-76.8921 2.52457
-76.8921 2.52457
-76.8921 2.52457
-76.8921 2.52457
-76.8921 2.52457
-76.8921 2.52457
-76.9009 2.52442
-76.9009 2.52442
-76.9009 2.52442
-76.9009 2.52442
-76.9009 2.52442
-76.8269 2.52475
-76.8269 2.52475
-76.8269 2.52475
-76.8269 2.52475
-76.8269 2.52475
-76.8269 2.52475
-76.8188 2.5249
-76.8188 2.5249
-76.8188 2.5249
-76.8188 2.5249
-76.8188 2.5249
-76.8188 2.5249
-76.8159 2.52525
-76.8159 2.52525
-76.8159 2.52525
-76.8159 2.52525
-76.8159 2.52525
-76.8159 2.52525
-76.8159 2.52525
-76.7721 2.52606
-76.7721 2.52606
-76.7721 2.52606
-76.7721 2.52606
-76.7721 2.52606
-76.7721 2.52606
-76.7721 2.52606
-76.7721 2.52606
-76.7721 2.52606
-76.7721 2.52606
-76.7721 2.52606
-76.8323 2.52636
-76.8323 2.52636
-76.8323 2.52636
-76.8323 2.52636
-76.8323 2.52636
-76.8323 2.52636
-76.8706 2.52639
-76.8706 2.52639
-76.8706 2.52639
-76.8706 2.52639
-76.8706 2.52639
-76.8706 2.52639
-76.8706 2.52639
-77.0441 2.529
-77.0441 2.529
-77.0441 2.529
-77.0441 2.529
-77.0441 2.529
-77.0441 2.529
-77.0442 2.52806
-77.0442 2.52806
-77.0442 2.52806
-77.0442 2.52806
-77.0442 2.52806
-77.0442 2.52806
-76.9711 2.52959
-76.9711 2.52959
-76.9711 2.52959
-76.9711 2.52959
-76.9711 2.52959
-76.9711 2.52959
-76.9711 2.52959
-76.9711 2.52959
-77.0291 2.53086
-77.0291 2.53086
-77.0291 2.53086
-77.0291 2.53086
-77.0291 2.53086
-76.9364 2.53188
-76.9364 2.53188
-76.9364 2.53188
-76.9364 2.53188
-76.9364 2.53188
-76.9364 2.53188
-76.9911 2.53219
-76.9911 2.53219
-76.9911 2.53219
-77.0538 2.53315
-77.0538 2.53315
-77.0538 2.53315
-77.0538 2.53315
-77.0538 2.53315
-77.0538 2.53315
-77.0919 2.53349
-77.0919 2.53349
-77.0919 2.53349
-77.1159 2.53373
-77.1159 2.53373
-77.1159 2.53373
-77.1159 2.53373
-77.1159 2.53373
-77.9796 2.53126
-77.9796 2.53126
-77.9796 2.53126
-77.9796 2.53126
-77.9796 2.53126
-77.9796 2.53126
-77.9796 2.53126
-78.0184 2.53104
-78.0184 2.53104
-78.0184 2.53104
-78.0184 2.53104
-78.0184 2.53104
-78.0184 2.53104
-78.3127 2.52854
-78.3127 2.52854
-78.3127 2.52854
-78.3127 2.52854
-78.3127 2.52854
-78.3127 2.52854
-78.3127 2.52854
-78.3127 2.52854
-78.8246 2.52379
-78.8246 2.52379
-78.8246 2.52379
-78.8246 2.52379
-78.8246 2.52379
-79.1231 2.524
-79.1231 2.524
-79.1231 2.524
-79.1231 2.524
-79.1231 2.524
-79.1231 2.524
-79.2836 2.52403
-79.2836 2.52403
-79.2836 2.52403
-79.2836 2.52403
-79.2836 2.52403
-79.2836 2.52403
-79.2836 2.52403
-79.5869 2.5231
-79.5869 2.5231
-79.5869 2.5231
-79.5869 2.5231
-79.5869 2.5231
-79.5869 2.5231
-79.5869 2.5231
-79.5869 2.5231
-79.8059 2.52284
-79.8059 2.52284
-79.8059 2.52284
-79.8059 2.52284
-79.8059 2.52284
-79.8059 2.52284
-79.8059 2.52284
-79.6936 2.52643
-79.6936 2.52643
-79.6936 2.52643
-79.6936 2.52643
-79.6936 2.52643
-79.6936 2.52643
-79.6936 2.52643
-79.6936 2.52643
-79.6611 2.52784
-79.6611 2.52784
-79.6611 2.52784
-79.6611 2.52784
-79.6611 2.52784
-79.6611 2.52784
-79.6398 2.52841
-79.6398 2.52841
-79.6398 2.52841
-79.8305 2.52727
-79.8305 2.52727
-79.8305 2.52727
-79.8305 2.52727
-79.7008 2.52921
-79.7008 2.52921
-79.7008 2.52921
-79.7008 2.52921
-79.7008 2.52921
-79.5793 2.52993
-79.5793 2.52993
-79.5793 2.52993
-79.5793 2.52993
-79.5793 2.52993
-79.5793 2.52993
-79.3256 2.53175
-79.3256 2.53175
-79.3256 2.53175
-79.3256 2.53175
-79.3256 2.53175
-79.3256 2.53175
-79.3256 2.53175
-79.1061 2.53366
-79.1061 2.53366
-79.1061 2.53366
-79.1061 2.53366
-79.1061 2.53366
-79.1061 2.53366
-78.9156 2.53475
-78.9156 2.53475
-78.9156 2.53475
-78.9156 2.53475
-78.9156 2.53475
-78.706 2.53497
-78.706 2.53497
-78.706 2.53497
-78.706 2.53497
-78.706 2.53497
-78.706 2.53497
-78.4089 2.53539
-78.4089 2.53539
-78.4089 2.53539
-78.4089 2.53539
-78.4089 2.53539
-78.4089 2.53539
-78.4089 2.53539
-78.241 2.53515
-78.241 2.53515
-78.241 2.53515
-78.241 2.53515
-78.241 2.53515
-78.241 2.53515
-77.9373 2.5324
-77.9373 2.5324
-77.9373 2.5324
-77.9373 2.5324
-77.9373 2.5324
-77.9373 2.5324
-77.9373 2.5324
-77.9373 2.5324
-76.9332 2.5344
-76.9332 2.5344
-76.9332 2.5344
-76.9332 2.5344
-76.9332 2.5344
-76.9925 2.53441
-76.9925 2.53441
-76.9925 2.53441
-76.9925 2.53441
-76.9925 2.53441
-76.9925 2.53441
-76.9794 2.53346
-76.9794 2.53346
-76.9794 2.53346
-76.9794 2.53346
-76.9794 2.53346
-77.1403 2.53054
-77.1403 2.53054
-77.1403 2.53054
-77.1403 2.53054
-77.1403 2.53054
-77.1403 2.53054
-77.1403 2.53054
-77.1403 2.53054
-77.0011 2.52851
-77.0011 2.52851
-77.0011 2.52851
-77.0011 2.52851
-77.0011 2.52851
-76.8647 2.52399
-76.8647 2.52399
-76.8647 2.52399
-76.8647 2.52399
-76.8647 2.52399
-76.7983 2.52311
-76.7983 2.52311
-76.7983 2.52311
-76.8262 2.52256
-76.8262 2.52256
-76.8262 2.52256
-76.8262 2.52256
-76.8262 2.52256
-76.8262 2.52256
-76.8376 2.52225
-76.8376 2.52225
-76.8376 2.52225
-76.8376 2.52225
-76.8376 2.52225
-76.8376 2.52225
-76.8427 2.52191
-76.8427 2.52191
-76.8427 2.52191
-76.8427 2.52191
-76.8427 2.52191
-76.8427 2.52191
-76.8427 2.52191
-76.8427 2.52191
-76.8464 2.52181
-76.8464 2.52181
-76.8464 2.52181
-76.8464 2.52181
-76.8464 2.52181
-76.8587 2.52191
-76.8587 2.52191
-76.8587 2.52191
-76.8991 2.52212
-76.8991 2.52212
-76.8991 2.52212
-76.8991 2.52212
-76.8991 2.52212
-76.9083 2.52265
-76.9083 2.52265
-76.9083 2.52265
-76.9083 2.52265
-76.9083 2.52265
-76.9083 2.52265
-76.9083 2.52265
-76.9083 2.52265
-76.9305 2.52368
-76.9305 2.52368
-76.9305 2.52368
-76.9305 2.52368
-76.9798 2.52478
-76.9798 2.52478
-76.9798 2.52478
-76.9798 2.52478
-76.9798 2.52478
-77.2358 2.52512
-77.2358 2.52512
-77.2358 2.52512
-77.2358 2.52512
-77.2358 2.52512
-77.2266 2.52513
-77.2266 2.52513
-77.2266 2.52513
-77.2266 2.52513
-77.2266 2.52513
-77.2266 2.52513
-77.1948 2.52527
-77.1948 2.52527
-77.1948 2.52527
-77.1948 2.52527
-77.1948 2.52527
-77.1948 2.52527
-77.3086 2.52572
-77.3086 2.52572
-77.3086 2.52572
-77.3086 2.52572
-77.3086 2.52572
-77.3086 2.52572
-77.3169 2.52629
-77.3169 2.52629
-77.3169 2.52629
-77.3169 2.52629
-77.3169 2.52629
-77.3169 2.52629
-77.3169 2.52629
-77.2865 2.52722
-77.2865 2.52722
-77.2865 2.52722
-77.2865 2.52722
-77.2865 2.52722
-77.2281 2.52902
-77.2281 2.52902
-77.2281 2.52902
-77.2281 2.52902
-77.2281 2.52902
-77.2225 2.53082
-77.2225 2.53082
-77.2225 2.53082
-77.2225 2.53082
-77.2225 2.53082
-77.2576 2.53124
-77.2576 2.53124
-77.2576 2.53124
-77.2576 2.53124
-77.9786 2.52828
-77.9786 2.52828
-77.9786 2.52828
-77.9786 2.52828
-77.9786 2.52828
-77.9786 2.52828
-77.9786 2.52828
-77.9786 2.52828
-78.1166 2.52785
-78.1166 2.52785
-78.1166 2.52785
-78.1166 2.52785
-78.1166 2.52785
-78.1166 2.52785
-78.1166 2.52785
-78.1081 2.52849
-78.1081 2.52849
-78.1081 2.52849
-78.5451 2.52251
-78.5451 2.52251
-78.5451 2.52251
-78.5451 2.52251
-78.5451 2.52251
-78.5451 2.52251
-79.046 2.5185
-79.046 2.5185
-79.046 2.5185
-79.046 2.5185
-79.046 2.5185
-79.046 2.5185
-78.9541 2.51899
-78.9541 2.51899
-78.9541 2.51899
-78.9541 2.51899
-78.9541 2.51899
-78.9541 2.51899
-79.0983 2.51686
-79.0983 2.51686
-79.0983 2.51686
-79.0983 2.51686
-79.0983 2.51686
-79.0983 2.51686
-79.0983 2.51686
-79.2932 2.5151
-79.2932 2.5151
-79.2932 2.5151
-79.2932 2.5151
-79.2932 2.5151
-79.2932 2.5151
-79.4798 2.51306
-79.4798 2.51306
-79.4798 2.51306
-79.4798 2.51306
-79.5023 2.51324
-79.5023 2.51324
-79.5023 2.51324
-79.5023 2.51324
-79.5023 2.51324
-79.5333 2.51308
-79.5333 2.51308
-79.5333 2.51308
-79.5333 2.51308
-79.5333 2.51308
-79.5333 2.51308
-79.5333 2.51308
-79.467 2.51404
-79.467 2.51404
-79.467 2.51404
-79.467 2.51404
-79.467 2.51404
-79.467 2.51404
-79.467 2.51404
-79.467 2.51404
-79.4623 2.51453
-79.4623 2.51453
-79.4623 2.51453
-79.4623 2.51453
-79.4623 2.51453
-79.4623 2.51453
-79.3352 2.51587
-79.3352 2.51587
-79.3352 2.51587
-79.3352 2.51587
-79.3352 2.51587
-79.3352 2.51587
-79.2223 2.51755
-79.2223 2.51755
-79.2223 2.51755
-79.2223 2.51755
-79.2223 2.51755
-79.2223 2.51755
-78.9075 2.52237
-78.9075 2.52237
-78.9075 2.52237
-78.9075 2.52237
-78.9075 2.52237
-78.9075 2.52237
-78.9075 2.52237
-78.5399 2.52603
-78.5399 2.52603
-78.5399 2.52603
-78.5399 2.52603
-78.5399 2.52603
-78.2397 2.52926
-78.2397 2.52926
-78.2397 2.52926
-78.2397 2.52926
-78.2397 2.52926
-78.2397 2.52926
-78.2397 2.52926
-78.2397 2.52926
-78.1923 2.52998
-78.1923 2.52998
-78.1923 2.52998
-78.1923 2.52998
-78.1923 2.52998
-76.8395 2.53582
-76.8395 2.53582
-76.8395 2.53582
-76.8395 2.53582
-76.8395 2.53582
-76.8053 2.53582
-76.8053 2.53582
-76.8053 2.53582
-76.8053 2.53582
-76.8053 2.53582
-76.8053 2.53582
-76.8053 2.53582
-76.8422 2.53514
-77.2932 2.53215
