-1.#IND 0
-1.#IND 0
-1.#IND 0
-1.#IND 0
-1.#IND 0
-1.#IND 0
-1.#IND 0
-1.#IND 0
-1.#IND 0
-1.#IND 0
-1.#IND 0
-1.#IND 0
-1.#IND 0
-1.#IND 0
-1.#IND 0
-1.#IND 0
-1.#IND 0
-1.#IND 0
-1.#IND 0
-1.#IND 0
-1.#IND 0
-1.#IND 0
-1.#IND 0
-1.#IND 0
-1.#IND 0
-1.#IND 0
-1.#IND 0
-1.#IND 0
-1.#IND 0
-1.#IND 0
-1.#IND 0
-1.#IND 0
-1.#IND 0
-1.#IND 0
-1.#IND 0
-1.#IND 0
-76.5387 1.79458
-76.5387 1.79458
-76.5387 1.79458
-76.5387 1.79458
-76.5476 1.79584
-76.5476 1.79584
-76.5476 1.79584
-76.5476 1.79584
-76.5476 1.79584
-76.5476 1.79584
-76.5476 1.79584
-76.5476 1.79584
-76.5476 1.79584
-76.5476 1.79584
-76.5476 1.79584
-76.5476 1.79584
-76.5476 1.79584
-76.5476 1.79584
-76.5476 1.79584
-76.5476 1.79584
-76.5788 1.79877
-76.5788 1.79877
-76.5788 1.79877
-76.5788 1.79877
-76.5788 1.79877
-76.5788 1.79877
-76.5788 1.79877
-76.5788 1.79877
-76.5788 1.79877
-76.5788 1.79877
-76.5788 1.79877
-76.6067 1.80412
-76.6067 1.80412
-76.6067 1.80412
-76.6067 1.80412
-76.6067 1.80412
-76.6067 1.80412
-76.6067 1.80412
-76.6067 1.80412
-76.6067 1.80412
-76.6067 1.80412
-76.6067 1.80412
-76.6067 1.80412
-76.6067 1.80412
-76.673 1.81124
-76.673 1.81124
-76.673 1.81124
-76.673 1.81124
-76.673 1.81124
-76.673 1.81124
-76.673 1.81124
-76.673 1.81124
-76.673 1.81124
-76.673 1.81124
-76.673 1.81124
-76.673 1.81124
-76.673 1.81124
-76.673 1.81124
-76.7169 1.81798
-76.7169 1.81798
-76.7169 1.81798
-76.7169 1.81798
-76.7169 1.81798
-76.7169 1.81798
-76.7169 1.81798
-76.7169 1.81798
-76.7169 1.81798
-76.7169 1.81798
-76.7169 1.81798
-76.7169 1.81798
-76.7169 1.81798
-76.7169 1.81798
-76.7169 1.81798
-76.7169 1.81798
-76.7169 1.81798
-76.7169 1.81798
-76.7169 1.81798
-76.7821 1.82452
-76.7821 1.82452
-76.7821 1.82452
-76.7821 1.82452
-76.7821 1.82452
-76.7821 1.82452
-76.7821 1.82452
-76.7821 1.82452
-76.7821 1.82452
-76.7821 1.82452
-76.7821 1.82452
-76.7821 1.82452
-76.8458 1.83212
-76.8458 1.83212
-76.8458 1.83212
-76.8458 1.83212
-76.8458 1.83212
-76.8458 1.83212
-76.8458 1.83212
-76.8458 1.83212
-76.8458 1.83212
-76.8458 1.83212
-76.9793 1.84191
-76.9793 1.84191
-76.9793 1.84191
-76.9793 1.84191
-76.9793 1.84191
-76.9793 1.84191
-76.9793 1.84191
-76.9793 1.84191
-76.9793 1.84191
-76.9793 1.84191
-76.9793 1.84191
-76.9793 1.84191
-76.9793 1.84191
-77.0016 1.85168
-77.0016 1.85168
-77.0016 1.85168
-77.0016 1.85168
-77.0016 1.85168
-77.0016 1.85168
-77.0016 1.85168
-77.0016 1.85168
-77.0016 1.85168
-77.0016 1.85168
-77.0016 1.85168
-77.0016 1.85168
-77.0016 1.85168
-77.0016 1.85168
-77.0016 1.85168
-77.0016 1.85168
-77.0016 1.85168
-77.0016 1.85168
-77.199 1.86366
-77.199 1.86366
-77.199 1.86366
-77.199 1.86366
-77.199 1.86366
-77.199 1.86366
-77.199 1.86366
-77.199 1.86366
-77.199 1.86366
-77.3374 1.8809
-77.3374 1.8809
-77.3374 1.8809
-77.3374 1.8809
-77.3374 1.8809
-77.3374 1.8809
-77.3374 1.8809
-77.3374 1.8809
-77.3374 1.8809
-77.3374 1.8809
-77.3374 1.8809
-77.3374 1.8809
-77.3374 1.8809
-77.3374 1.8809
-77.3374 1.8809
-77.3374 1.8809
-77.3374 1.8809
-77.3374 1.8809
-77.4907 1.89891
-77.4907 1.89891
-77.4907 1.89891
-77.4907 1.89891
-77.4907 1.89891
-77.4907 1.89891
-77.4907 1.89891
-77.4907 1.89891
-77.4907 1.89891
-77.4907 1.89891
-77.4907 1.89891
-77.4907 1.89891
-77.4907 1.89891
-77.5737 1.91939
-77.5737 1.91939
-77.5737 1.91939
-77.5737 1.91939
-77.5737 1.91939
-77.5737 1.91939
-77.5737 1.91939
-77.5737 1.91939
-77.5737 1.91939
-77.5737 1.91939
-77.5737 1.91939
-77.5737 1.91939
-77.5737 1.91939
-77.6055 1.93827
-77.6055 1.93827
-77.6055 1.93827
-77.6055 1.93827
-77.6055 1.93827
-77.6055 1.93827
-77.6055 1.93827
-77.6055 1.93827
-77.6055 1.93827
-77.6055 1.93827
-77.6055 1.93827
-77.6055 1.93827
-77.6055 1.93827
-77.6782 1.96066
-77.6782 1.96066
-77.6782 1.96066
-77.6782 1.96066
-77.6782 1.96066
-77.6782 1.96066
-77.6782 1.96066
-77.6782 1.96066
-77.6782 1.96066
-77.6782 1.96066
-77.6782 1.96066
-77.8218 1.97975
-77.8218 1.97975
-77.8218 1.97975
-77.8218 1.97975
-77.8218 1.97975
-77.8218 1.97975
-77.8218 1.97975
-77.8218 1.97975
-77.8218 1.97975
-77.8218 1.97975
-77.8218 1.97975
-77.8218 1.97975
-77.8218 1.97975
-77.8218 1.97975
-77.8218 1.97975
-77.7852 1.99627
-77.7852 1.99627
-77.7852 1.99627
-77.7852 1.99627
-77.7852 1.99627
-77.7852 1.99627
-77.7852 1.99627
-77.7852 1.99627
-77.7852 1.99627
-77.7852 1.99627
-77.7852 1.99627
-77.7852 1.99627
-77.7494 2.01446
-77.7494 2.01446
-77.7494 2.01446
-77.7494 2.01446
-77.7494 2.01446
-77.7494 2.01446
-77.7494 2.01446
-77.7494 2.01446
-77.7494 2.01446
-77.7494 2.01446
-77.7494 2.01446
-77.7494 2.01446
-77.7494 2.01446
-77.7494 2.01446
-77.7016 2.029
-77.7016 2.029
-77.7016 2.029
-77.7016 2.029
-77.7016 2.029
-77.7016 2.029
-77.7016 2.029
-77.7016 2.029
-77.7016 2.029
-77.7016 2.029
-77.6051 2.03974
-77.6051 2.03974
-77.6051 2.03974
-77.6051 2.03974
-77.6051 2.03974
-77.6051 2.03974
-77.6051 2.03974
-77.6051 2.03974
-77.6051 2.03974
-77.6051 2.03974
-77.6051 2.03974
-77.6051 2.03974
-77.6051 2.03974
-77.6051 2.03974
-77.6051 2.03974
-77.2805 2.05105
-77.2805 2.05105
-77.2805 2.05105
-77.2805 2.05105
-77.2805 2.05105
-77.2805 2.05105
-77.2805 2.05105
-77.2805 2.05105
-77.2805 2.05105
-77.2805 2.05105
-77.2805 2.05105
-77.2805 2.05105
-77.2805 2.05105
-77.2805 2.05105
-77.1798 2.06019
-77.1798 2.06019
-77.1798 2.06019
-77.1798 2.06019
-77.1798 2.06019
-77.1798 2.06019
-77.1798 2.06019
-77.1798 2.06019
-77.1798 2.06019
-77.1798 2.06019
-77.1798 2.06019
-77.1798 2.06019
-77.1798 2.06019
-77.0818 2.07151
-77.0818 2.07151
-77.0818 2.07151
-77.0818 2.07151
-77.0818 2.07151
-77.0818 2.07151
-77.0818 2.07151
-77.0818 2.07151
-77.0818 2.07151
-77.0818 2.07151
-77.0818 2.07151
-77.0818 2.07151
-77.0818 2.07151
-77.0818 2.07151
-77.0818 2.07151
-77.0818 2.07151
-76.8109 2.08877
-76.8109 2.08877
-76.8109 2.08877
-76.8109 2.08877
-76.8109 2.08877
-76.8109 2.08877
-76.8109 2.08877
-76.8109 2.08877
-76.8109 2.08877
-76.8109 2.08877
-76.8109 2.08877
-76.7566 2.10283
-76.7566 2.10283
-76.7566 2.10283
-76.7566 2.10283
-76.7566 2.10283
-76.7566 2.10283
-76.7566 2.10283
-76.7566 2.10283
-76.7566 2.10283
-76.7566 2.10283
-76.7566 2.10283
-76.7566 2.10283
-76.7566 2.10283
-76.7566 2.10283
-76.7566 2.10283
-76.7566 2.10283
-76.4689 2.13069
-76.4689 2.13069
-76.4689 2.13069
-76.4689 2.13069
-76.4689 2.13069
-76.4689 2.13069
-76.4689 2.13069
-76.4689 2.13069
-76.4689 2.13069
-76.4689 2.13069
-76.4689 2.13069
-76.4689 2.13069
-76.4689 2.13069
-76.4171 2.15071
-76.4171 2.15071
-76.4171 2.15071
-76.4171 2.15071
-76.4171 2.15071
-76.4171 2.15071
-76.4171 2.15071
-76.4171 2.15071
-76.4171 2.15071
-76.4171 2.15071
-76.4171 2.15071
-76.4171 2.15071
-76.4171 2.15071
-76.4171 2.15071
-76.4085 2.17295
-76.4085 2.17295
-76.4085 2.17295
-76.4085 2.17295
-76.4085 2.17295
-76.4085 2.17295
-76.4085 2.17295
-76.4085 2.17295
-76.4085 2.17295
-76.4085 2.17295
-76.3237 2.19871
-76.3237 2.19871
-76.3237 2.19871
-76.3237 2.19871
-76.3237 2.19871
-76.3237 2.19871
-76.3237 2.19871
-76.3237 2.19871
-76.3237 2.19871
-76.3237 2.19871
-76.3237 2.19871
-76.3237 2.19871
-76.3237 2.19871
-76.2612 2.2196
-76.2612 2.2196
-76.2612 2.2196
-76.2612 2.2196
-76.2612 2.2196
-76.1533 2.24317
-76.1533 2.24317
-76.1533 2.24317
-76.1533 2.24317
-76.1533 2.24317
-76.266 2.25896
-76.266 2.25896
-76.266 2.25896
-76.266 2.25896
-76.266 2.25896
-76.266 2.25896
-76.266 2.25896
-76.266 2.25896
-76.266 2.25896
-76.266 2.25896
-76.266 2.25896
-76.3273 2.27235
-76.3273 2.27235
-76.3273 2.27235
-76.3273 2.27235
-76.3273 2.27235
-76.3273 2.27235
-76.3273 2.27235
-76.3273 2.27235
-76.3273 2.27235
-76.3273 2.27235
-76.3273 2.27235
-76.3273 2.27235
-76.3273 2.27235
-76.3273 2.27235
-76.3273 2.27235
-76.3273 2.27235
-76.3273 2.27235
-76.3273 2.27235
-76.3273 2.27235
-76.3639 2.28497
-76.3639 2.28497
-76.3639 2.28497
-76.3639 2.28497
-76.3639 2.28497
-76.3639 2.28497
-76.3639 2.28497
-76.3639 2.28497
-76.3639 2.28497
-76.3639 2.28497
-76.3639 2.28497
-76.4968 2.2941
-76.4968 2.2941
-76.4968 2.2941
-76.4968 2.2941
-76.4968 2.2941
-76.4968 2.2941
-76.4968 2.2941
-76.4968 2.2941
-76.4968 2.2941
-76.4968 2.2941
-76.4968 2.2941
-76.4968 2.2941
-76.4968 2.2941
-76.4968 2.2941
-76.4968 2.2941
-76.4968 2.2941
-76.5936 2.30383
-76.5936 2.30383
-76.5936 2.30383
-76.5936 2.30383
-76.5936 2.30383
-76.5936 2.30383
-76.5936 2.30383
-76.5936 2.30383
-76.5936 2.30383
-76.5936 2.30383
-76.6428 2.31322
-76.6428 2.31322
-76.6428 2.31322
-76.6428 2.31322
-76.6428 2.31322
-76.6428 2.31322
-76.6428 2.31322
-76.6428 2.31322
-76.6428 2.31322
-76.6428 2.31322
-76.6428 2.31322
-76.6428 2.31322
-76.6428 2.31322
-76.6428 2.31322
-76.6428 2.31322
-76.6428 2.31322
-76.6608 2.32189
-76.6608 2.32189
-76.6608 2.32189
-76.6608 2.32189
-76.6608 2.32189
-76.6608 2.32189
-76.6608 2.32189
-76.6608 2.32189
-76.6608 2.32189
-76.6608 2.32189
-76.6608 2.32189
-76.6608 2.32189
-76.6608 2.32189
-76.6608 2.32189
-76.6604 2.32909
-76.6604 2.32909
-76.6604 2.32909
-76.6604 2.32909
-76.6604 2.32909
-76.6604 2.32909
-76.6604 2.32909
-76.6604 2.32909
-76.6604 2.32909
-76.6604 2.32909
-76.6604 2.32909
-76.6604 2.32909
-76.6604 2.32909
-76.6604 2.32909
-76.6604 2.32909
-76.6604 2.32909
-76.6604 2.32909
-76.687 2.33507
-76.687 2.33507
-76.687 2.33507
-76.687 2.33507
-76.687 2.33507
-76.687 2.33507
-76.687 2.33507
-76.687 2.33507
-76.7152 2.33892
-76.7152 2.33892
-76.7152 2.33892
-76.7152 2.33892
-76.7152 2.33892
-76.7152 2.33892
-76.7152 2.33892
-76.7152 2.33892
-76.7152 2.33892
-76.7152 2.33892
-76.7152 2.33892
-76.7152 2.33892
-76.7152 2.33892
-76.7152 2.33892
-76.7152 2.33892
-76.7152 2.33892
-76.7152 2.33892
-76.7152 2.33892
-76.7152 2.33892
-76.7152 2.33892
-76.7303 2.3424
-76.7303 2.3424
-76.7303 2.3424
-76.7303 2.3424
-76.7303 2.3424
-76.7303 2.3424
-76.7303 2.3424
-76.7303 2.3424
-76.7303 2.3424
-76.7303 2.3424
-76.7303 2.3424
-76.7187 2.34426
-76.7187 2.34426
-76.7187 2.34426
-76.7187 2.34426
-76.7187 2.34426
-76.7187 2.34426
-76.7187 2.34426
-76.7187 2.34426
-76.7187 2.34426
-76.7187 2.34426
-76.6997 2.34558
-76.6997 2.34558
-76.6997 2.34558
-76.6997 2.34558
-76.6997 2.34558
-76.6997 2.34558
-76.6997 2.34558
-76.6997 2.34558
-76.6997 2.34558
-76.6997 2.34558
-76.6997 2.34558
-76.6997 2.34558
-76.6997 2.34558
-76.6997 2.34558
-76.6997 2.34558
-76.6997 2.34558
-76.728 2.34687
-76.728 2.34687
-76.728 2.34687
-76.728 2.34687
-76.728 2.34687
-76.728 2.34687
-76.728 2.34687
-76.728 2.34687
-76.728 2.34687
-76.728 2.34687
-76.728 2.34687
-76.728 2.34687
-76.728 2.34687
-76.728 2.34687
-76.728 2.34687
-76.728 2.34687
-76.728 2.34687
-76.7586 2.34815
-76.7586 2.34815
-76.7586 2.34815
-76.7586 2.34815
-76.7586 2.34815
-76.7586 2.34815
-76.7586 2.34815
-76.7556 2.3498
-76.7556 2.3498
-76.7556 2.3498
-76.7556 2.3498
-76.7556 2.3498
-76.7556 2.3498
-76.7556 2.3498
-76.7556 2.3498
-76.7556 2.3498
-76.7556 2.3498
-76.7556 2.3498
-76.7556 2.3498
-76.7556 2.3498
-76.7556 2.3498
-76.7556 2.3498
-76.7556 2.3498
-76.7556 2.3498
-76.7556 2.3498
-76.7556 2.3498
-76.5876 2.35582
-76.5876 2.35582
-76.5876 2.35582
-76.5876 2.35582
-76.5876 2.35582
-76.5876 2.35582
-76.5876 2.35582
-76.5876 2.35582
-76.5876 2.35582
-76.5876 2.35582
-76.5876 2.35582
-76.5876 2.35582
-76.5876 2.35582
-76.5876 2.35582
-76.5926 2.358
-76.5926 2.358
-76.5926 2.358
-76.5926 2.358
-76.5926 2.358
-76.5926 2.358
-76.5926 2.358
-76.5926 2.358
-76.5926 2.358
-76.5926 2.358
-76.5926 2.358
-76.5926 2.358
-76.5926 2.358
-76.6193 2.36012
-76.6193 2.36012
-76.6193 2.36012
-76.6193 2.36012
-76.6193 2.36012
-76.6193 2.36012
-76.6193 2.36012
-76.6193 2.36012
-76.6193 2.36012
-76.6193 2.36012
-76.6193 2.36012
-76.6193 2.36012
-76.6368 2.36357
-76.6368 2.36357
-76.6368 2.36357
-76.6368 2.36357
-76.6368 2.36357
-76.6368 2.36357
-76.6368 2.36357
-76.6368 2.36357
-76.6368 2.36357
-76.6368 2.36357
-76.6368 2.36357
-76.6368 2.36357
-76.6368 2.36357
-76.6368 2.36357
-76.6368 2.36357
-76.6627 2.36816
-76.6627 2.36816
-76.6627 2.36816
-76.6627 2.36816
-76.6627 2.36816
-76.6627 2.36816
-76.6627 2.36816
-76.6627 2.36816
-76.6627 2.36816
-76.6627 2.36816
-76.6627 2.36816
-76.6627 2.36816
-76.701 2.37071
-76.701 2.37071
-76.7407 2.37192
-76.7407 2.37192
-76.7407 2.37192
-76.7407 2.37192
-76.7407 2.37192
-76.7781 2.37209
-76.7781 2.37209
-76.7781 2.37209
-76.7781 2.37209
-76.7781 2.37209
-76.7781 2.37209
-76.7781 2.37209
-76.7781 2.37209
-76.7781 2.37209
-76.7781 2.37209
-76.7781 2.37209
-76.7781 2.37209
-76.7781 2.37209
-76.7781 2.37209
-76.7929 2.37235
-76.7929 2.37235
-76.7929 2.37235
-76.7929 2.37235
-76.7929 2.37235
-76.7929 2.37235
-76.7929 2.37235
-76.7929 2.37235
-76.7929 2.37235
-76.7929 2.37235
-76.7929 2.37235
-76.7912 2.37244
-76.7912 2.37244
-76.7912 2.37244
-76.7912 2.37244
-76.7912 2.37244
-76.7912 2.37244
-76.7912 2.37244
-76.7912 2.37244
-76.7912 2.37244
-76.7912 2.37244
-76.7912 2.37244
-76.7912 2.37244
-76.7912 2.37244
-76.7912 2.37244
-76.7912 2.37244
-76.7912 2.37244
-76.7912 2.37244
-76.7912 2.37244
-76.7912 2.37244
-76.805 2.37262
-76.805 2.37262
-76.805 2.37262
-76.805 2.37262
-76.805 2.37262
-76.805 2.37262
-76.805 2.37262
-76.805 2.37262
-76.805 2.37262
-76.805 2.37262
-76.8305 2.37309
-76.8305 2.37309
-76.8305 2.37309
-76.8305 2.37309
-76.8305 2.37309
-76.8305 2.37309
-76.8305 2.37309
-76.8305 2.37309
-76.8305 2.37309
-76.8305 2.37309
-76.8305 2.37309
-76.8305 2.37309
-76.8305 2.37309
-76.8305 2.37309
-76.8305 2.37309
-76.8305 2.37309
-76.8503 2.37327
-76.8503 2.37327
-76.8503 2.37327
-76.8503 2.37327
-76.8503 2.37327
-76.8503 2.37327
-76.8503 2.37327
-76.8503 2.37327
-76.8503 2.37327
-76.8503 2.37327
-76.8503 2.37327
-76.8503 2.37327
-76.8503 2.37327
-76.8503 2.37327
-76.8503 2.37327
-76.8621 2.37329
-76.8621 2.37329
-76.8621 2.37329
-76.8621 2.37329
-76.8621 2.37329
-76.8621 2.37329
-76.8621 2.37329
-76.8621 2.37329
-76.8621 2.37329
-76.8621 2.37329
-76.8621 2.37329
-76.8932 2.37335
-76.8932 2.37335
-76.8932 2.37335
-76.8932 2.37335
-76.8932 2.37335
-76.8932 2.37335
-76.8932 2.37335
-76.8932 2.37335
-76.8932 2.37335
-76.8932 2.37335
-76.8932 2.37335
-76.8932 2.37335
-76.8932 2.37335
-76.8932 2.37335
-76.9309 2.37322
-76.9309 2.37322
-76.9309 2.37322
-76.9309 2.37322
-76.9309 2.37322
-76.9309 2.37322
-76.9309 2.37322
-76.9309 2.37322
-76.9309 2.37322
-76.9309 2.37322
-76.9309 2.37322
-76.9309 2.37322
-76.9309 2.37322
-76.9309 2.37322
-76.9309 2.37322
-76.9309 2.37322
-76.9309 2.37322
-76.9309 2.37322
-76.958 2.37311
-76.958 2.37311
-76.958 2.37311
-76.958 2.37311
-76.958 2.37311
-76.958 2.37311
-76.958 2.37311
-76.958 2.37311
-77.0068 2.37262
-77.0068 2.37262
-77.0068 2.37262
-77.0068 2.37262
-77.0068 2.37262
-77.0068 2.37262
-77.0068 2.37262
-77.0068 2.37262
-77.0068 2.37262
-77.0068 2.37262
-77.0068 2.37262
-77.0068 2.37262
-77.0068 2.37262
-77.0068 2.37262
-77.0068 2.37262
-77.0068 2.37262
-77.0068 2.37262
-77.0068 2.37262
-77.0087 2.37257
-77.0087 2.37257
-77.0087 2.37257
-77.0087 2.37257
-77.0087 2.37257
-77.0087 2.37257
-77.0087 2.37257
-77.0087 2.37257
-77.0087 2.37257
-77.0087 2.37257
-77.0111 2.37092
-77.0111 2.37092
-77.0111 2.37092
-77.0111 2.37092
-77.0111 2.37092
-77.0075 2.3674
-77.0075 2.3674
-77.0075 2.3674
-77.0075 2.3674
-77.0075 2.3674
-77.0075 2.3674
-77.0075 2.3674
-77.0075 2.3674
-77.0075 2.3674
-77.0075 2.3674
-77.0075 2.3674
-77.0075 2.3674
-77.0075 2.3674
-77.0075 2.3674
-77.0075 2.3674
-77.0479 2.36256
-77.0479 2.36256
-77.0479 2.36256
-77.0479 2.36256
-77.0479 2.36256
-77.0479 2.36256
-77.0479 2.36256
-77.0479 2.36256
-77.0479 2.36256
-77.0479 2.36256
-77.0479 2.36256
-77.0479 2.36256
-77.0479 2.36256
-77.0479 2.36256
-77.0479 2.36256
-77.0479 2.36256
-77.1602 2.3561
-77.1602 2.3561
-77.1602 2.3561
-77.1602 2.3561
-77.1602 2.3561
-77.1602 2.3561
-77.1602 2.3561
-77.1602 2.3561
-77.1602 2.3561
-77.1602 2.3561
-77.1602 2.3561
-77.1602 2.3561
-77.1602 2.3561
-77.1602 2.3561
-77.2626 2.34909
-77.2626 2.34909
-77.2626 2.34909
-77.2626 2.34909
-77.2626 2.34909
-77.2626 2.34909
-77.2626 2.34909
-77.2626 2.34909
-77.2626 2.34909
-77.2626 2.34909
-77.2626 2.34909
-77.3556 2.34498
-77.3556 2.34498
-77.3556 2.34498
-77.3556 2.34498
-77.3556 2.34498
-77.3556 2.34498
-77.3556 2.34498
-77.3556 2.34498
-77.3556 2.34498
-77.3556 2.34498
-77.3556 2.34498
-77.3556 2.34498
-77.3556 2.34498
-77.3556 2.34498
-77.3556 2.34498
-77.3556 2.34498
-77.3644 2.3439
-77.3644 2.3439
-77.3644 2.3439
-77.3644 2.3439
-77.3644 2.3439
-77.3644 2.3439
-77.3644 2.3439
-77.3644 2.3439
-77.3644 2.3439
-77.3644 2.3439
-77.41 2.34607
-77.41 2.34607
-77.41 2.34607
-77.41 2.34607
-77.41 2.34607
-77.41 2.34607
-77.41 2.34607
-77.41 2.34607
-77.41 2.34607
-77.41 2.34607
-77.41 2.34607
-77.41 2.34607
-77.41 2.34607
-77.41 2.34607
-77.4673 2.35111
-77.4673 2.35111
-77.4673 2.35111
-77.4673 2.35111
-77.4673 2.35111
-77.4673 2.35111
-77.4673 2.35111
-77.4673 2.35111
-77.4673 2.35111
-77.4673 2.35111
-77.4673 2.35111
-77.4673 2.35111
-77.4673 2.35111
-77.4673 2.35111
-77.4673 2.35111
-77.4673 2.35111
-77.4957 2.35847
-77.4957 2.35847
-77.4957 2.35847
-77.4957 2.35847
-77.4957 2.35847
-77.4957 2.35847
-77.4957 2.35847
-77.4957 2.35847
-77.4957 2.35847
-77.4957 2.35847
-77.4957 2.35847
-77.4957 2.35847
-77.4957 2.35847
-77.7268 2.36519
-77.7268 2.36519
-77.7268 2.36519
-77.7268 2.36519
-77.7268 2.36519
-77.7268 2.36519
-77.7268 2.36519
-77.7268 2.36519
-77.7268 2.36519
-77.6771 2.37152
-77.6771 2.37152
-77.6771 2.37152
-77.6771 2.37152
-77.6771 2.37152
-77.6771 2.37152
-77.6771 2.37152
-77.6771 2.37152
-77.6771 2.37152
-77.6771 2.37152
-77.6771 2.37152
-77.6771 2.37152
-77.6771 2.37152
-77.6771 2.37152
-77.6771 2.37152
-77.83 2.37825
-77.83 2.37825
-77.83 2.37825
-77.83 2.37825
-77.83 2.37825
-77.83 2.37825
-77.83 2.37825
-77.83 2.37825
-77.83 2.37825
-77.83 2.37825
-77.83 2.37825
-77.8822 2.38542
-77.8822 2.38542
-77.8822 2.38542
-77.8822 2.38542
-77.8822 2.38542
-77.8822 2.38542
-77.8822 2.38542
-77.8822 2.38542
-77.8822 2.38542
-77.8822 2.38542
-77.8822 2.38542
-77.8822 2.38542
-77.8822 2.38542
-77.8822 2.38542
-77.8822 2.38542
-77.8822 2.38542
-77.8822 2.38542
-77.8822 2.38542
-77.8822 2.38542
-77.9251 2.39481
-77.9251 2.39481
-77.9251 2.39481
-77.9251 2.39481
-77.9251 2.39481
-77.9251 2.39481
-77.9251 2.39481
-77.9251 2.39481
-77.9251 2.39481
-77.9071 2.40575
-77.9071 2.40575
-77.9071 2.40575
-77.9071 2.40575
-77.9071 2.40575
-77.9071 2.40575
-77.9071 2.40575
-77.9071 2.40575
-77.9071 2.40575
-77.9071 2.40575
-77.9071 2.40575
-77.9071 2.40575
-77.9071 2.40575
-77.9071 2.40575
-77.9071 2.40575
-77.9071 2.40575
-77.9071 2.40575
-77.9071 2.40575
-77.9071 2.40575
-77.8909 2.41361
-77.8909 2.41361
-77.8909 2.41361
-77.8909 2.41361
-77.8909 2.41361
-77.8909 2.41361
-77.8909 2.41361
-77.8909 2.41361
-77.8909 2.41361
-77.8909 2.41361
-77.8909 2.41361
-77.8909 2.41361
-77.8909 2.41361
-77.8934 2.41846
-77.8934 2.41846
-77.8934 2.41846
-77.8934 2.41846
-77.8934 2.41846
-77.8934 2.41846
-77.8934 2.41846
-77.8934 2.41846
-77.8934 2.41846
-77.8934 2.41846
-77.8848 2.42307
-77.8848 2.42307
-77.8848 2.42307
-77.8848 2.42307
-77.8848 2.42307
-77.8848 2.42307
-77.8848 2.42307
-77.8848 2.42307
-77.8848 2.42307
-77.8848 2.42307
-77.8848 2.42307
-77.8848 2.42307
-77.8848 2.42307
-77.8952 2.42642
-77.8952 2.42642
-77.8952 2.42642
-77.8952 2.42642
-77.8952 2.42642
-77.8952 2.42642
-77.8952 2.42642
-77.8952 2.42642
-77.8952 2.42642
-77.8952 2.42642
-77.8952 2.42642
-77.8952 2.42642
-77.8952 2.42642
-77.8952 2.42642
-77.8952 2.42642
-77.9323 2.42791
-77.9323 2.42791
-77.9323 2.42791
-77.9323 2.42791
-77.9323 2.42791
-77.9323 2.42791
-77.9323 2.42791
-77.9323 2.42791
-77.9323 2.42791
-77.9323 2.42791
-77.9323 2.42791
-77.9323 2.42791
-77.9556 2.42879
-77.9556 2.42879
-77.9556 2.42879
-77.9556 2.42879
-77.9556 2.42879
-77.9556 2.42879
-77.9556 2.42879
-77.9556 2.42879
-77.9556 2.42879
-77.9556 2.42879
-77.9556 2.42879
-77.9556 2.42879
-77.9593 2.42963
-77.9593 2.42963
-77.9593 2.42963
-77.9593 2.42963
-77.9593 2.42963
-77.9593 2.42963
-77.9593 2.42963
-77.9593 2.42963
-77.9593 2.42963
-77.9593 2.42963
-77.9593 2.42963
-77.9593 2.42963
-77.9593 2.42963
-77.9767 2.43032
-77.9767 2.43032
-77.9767 2.43032
-77.9767 2.43032
-77.9767 2.43032
-77.9767 2.43032
-77.9767 2.43032
-77.9767 2.43032
-77.9767 2.43032
-77.9767 2.43032
-77.9767 2.43032
-78.0209 2.43042
-78.0209 2.43042
-78.0209 2.43042
-78.0209 2.43042
-78.0209 2.43042
-78.0209 2.43042
-78.0209 2.43042
-78.0209 2.43042
-78.0209 2.43042
-78.0209 2.43042
-78.08 2.42905
-78.08 2.42905
-78.08 2.42905
-78.08 2.42905
-78.08 2.42905
-78.08 2.42905
-78.08 2.42905
-78.08 2.42905
-78.08 2.42905
-78.08 2.42905
-78.08 2.42905
-78.08 2.42905
-78.08 2.42905
-78.08 2.42905
-78.08 2.42905
-78.08 2.42905
-78.1225 2.42659
-78.1225 2.42659
-78.1225 2.42659
-78.1225 2.42659
-78.1225 2.42659
-78.1225 2.42659
-78.1225 2.42659
-78.1225 2.42659
-78.1225 2.42659
-78.1225 2.42659
-78.1225 2.42659
-78.2489 2.42237
-78.2489 2.42237
-78.2489 2.42237
-78.2489 2.42237
-78.2489 2.42237
-78.2489 2.42237
-78.2489 2.42237
-78.2489 2.42237
-78.2489 2.42237
-78.2489 2.42237
-78.2489 2.42237
-78.2489 2.42237
-78.2489 2.42237
-78.2489 2.42237
-78.1095 2.42076
-78.1095 2.42076
-78.1095 2.42076
-78.1095 2.42076
-78.1095 2.42076
-78.1095 2.42076
-78.1095 2.42076
-78.1095 2.42076
-78.1095 2.42076
-78.1095 2.42076
-78.0203 2.42078
-78.0203 2.42078
-78.0203 2.42078
-78.0203 2.42078
-78.0203 2.42078
-78.0203 2.42078
-78.0203 2.42078
-78.0203 2.42078
-78.0203 2.42078
-78.0203 2.42078
-78.0203 2.42078
-78.0203 2.42078
-78.0203 2.42078
-78.0203 2.42078
-77.9716 2.4205
-77.9716 2.4205
-77.9716 2.4205
-77.9716 2.4205
-77.9716 2.4205
-77.9716 2.4205
-77.9716 2.4205
-77.9716 2.4205
-77.9716 2.4205
-77.9716 2.4205
-77.9716 2.4205
-77.9716 2.4205
-77.9716 2.4205
-77.9716 2.4205
-77.9716 2.4205
-77.9716 2.4205
-78.205 2.41959
-78.205 2.41959
-78.205 2.41959
-78.205 2.41959
-78.205 2.41959
-78.205 2.41959
-78.205 2.41959
-78.205 2.41959
-78.205 2.41959
-78.205 2.41959
-78.205 2.41959
-78.205 2.41959
-78.205 2.41959
-78.265 2.41833
-78.265 2.41833
-78.265 2.41833
-78.265 2.41833
-78.265 2.41833
-78.265 2.41833
-78.265 2.41833
-78.265 2.41833
-78.265 2.41833
-78.265 2.41833
-78.265 2.41833
-78.268 2.41677
-78.268 2.41677
-78.268 2.41677
-78.268 2.41677
-78.268 2.41677
-78.268 2.41677
-78.268 2.41677
-78.268 2.41677
-78.268 2.41677
-78.268 2.41677
-78.268 2.41677
-78.268 2.41677
-78.268 2.41677
-78.268 2.41677
-78.2306 2.41605
-78.2306 2.41605
-78.2306 2.41605
-78.2306 2.41605
-78.2306 2.41605
-78.2306 2.41605
-78.2306 2.41605
-78.2306 2.41605
-78.2306 2.41605
-78.2306 2.41605
-78.2306 2.41605
-78.2306 2.41605
-77.9876 2.41894
-77.9876 2.41894
-77.9876 2.41894
-77.9876 2.41894
-77.9876 2.41894
-77.9876 2.41894
-77.9876 2.41894
-77.9876 2.41894
-77.9876 2.41894
-77.9876 2.41894
-77.9876 2.41894
-77.9876 2.41894
-77.9876 2.41894
-77.9876 2.41894
-77.8357 2.42703
-77.8357 2.42703
-77.8357 2.42703
-77.8357 2.42703
-77.8357 2.42703
-77.8357 2.42703
-77.8357 2.42703
-77.8357 2.42703
-77.8357 2.42703
-77.8357 2.42703
-77.8357 2.42703
-77.8357 2.42703
-77.8357 2.42703
-77.8357 2.42703
-77.6403 2.43644
-77.6403 2.43644
-77.6403 2.43644
-77.6403 2.43644
-77.6403 2.43644
-77.6403 2.43644
-77.6403 2.43644
-77.6403 2.43644
-77.6403 2.43644
-77.6403 2.43644
-77.6403 2.43644
-77.6403 2.43644
-77.6403 2.43644
-77.6403 2.43644
-77.5363 2.44422
-77.5363 2.44422
-77.5363 2.44422
-77.5363 2.44422
-77.5363 2.44422
-77.5363 2.44422
-77.5363 2.44422
-77.5363 2.44422
-77.5363 2.44422
-77.5363 2.44422
-77.5005 2.4519
-77.5005 2.4519
-77.5005 2.4519
-77.5005 2.4519
-77.5005 2.4519
-77.5005 2.4519
-77.5005 2.4519
-77.5005 2.4519
-77.5005 2.4519
-77.5005 2.4519
-77.5005 2.4519
-77.5005 2.4519
-77.5005 2.4519
-77.5005 2.4519
-77.4608 2.45906
-77.4608 2.45906
-77.4608 2.45906
-77.4608 2.45906
-77.4608 2.45906
-77.4608 2.45906
-77.4608 2.45906
-77.4608 2.45906
-77.4608 2.45906
-77.4608 2.45906
-77.4608 2.45906
-77.4704 2.46304
-77.4704 2.46304
-77.4704 2.46304
-77.4704 2.46304
-77.4704 2.46304
-77.4704 2.46304
-77.4704 2.46304
-77.4704 2.46304
-77.4704 2.46304
-77.4704 2.46304
-77.4704 2.46304
-77.4704 2.46304
-77.4704 2.46304
-77.4704 2.46304
-77.4704 2.46304
-77.4704 2.46304
-77.4704 2.46304
-77.4757 2.46577
-77.4757 2.46577
-77.4757 2.46577
-77.4757 2.46577
-77.4757 2.46577
-77.4757 2.46577
-77.4757 2.46577
-77.4757 2.46577
-77.4757 2.46577
-77.4757 2.46577
-77.4757 2.46577
-77.49 2.46891
-77.49 2.46891
-77.49 2.46891
-77.49 2.46891
-77.49 2.46891
-77.49 2.46891
-77.49 2.46891
-77.49 2.46891
-77.49 2.46891
-77.49 2.46891
-77.49 2.46891
-77.49 2.46891
-77.49 2.46891
-77.5241 2.47141
-77.5241 2.47141
-77.5241 2.47141
-77.5241 2.47141
-77.5241 2.47141
-77.5241 2.47141
-77.5241 2.47141
-77.5241 2.47141
-77.5241 2.47141
-77.5241 2.47141
-77.5241 2.47141
-77.5241 2.47141
-77.5919 2.47561
-77.5919 2.47561
-77.5919 2.47561
-77.5919 2.47561
-77.5919 2.47561
-77.5919 2.47561
-77.5919 2.47561
-77.5919 2.47561
-77.5919 2.47561
-77.5919 2.47561
-77.5919 2.47561
-77.5919 2.47561
-77.5919 2.47561
-77.6278 2.47939
-77.6278 2.47939
-77.6278 2.47939
-77.6278 2.47939
-77.6278 2.47939
-77.6278 2.47939
-77.6278 2.47939
-77.6278 2.47939
-77.6278 2.47939
-77.6278 2.47939
-77.6278 2.47939
-77.8366 2.48297
-77.8366 2.48297
-77.8366 2.48297
-77.8366 2.48297
-77.8366 2.48297
-77.8366 2.48297
-77.8366 2.48297
-77.8366 2.48297
-77.8366 2.48297
-77.8366 2.48297
-77.8366 2.48297
-77.8366 2.48297
-77.8366 2.48297
-77.8366 2.48297
-77.8366 2.48297
-77.8366 2.48297
-77.9115 2.48445
-77.9115 2.48445
-77.9115 2.48445
-77.9115 2.48445
-77.9115 2.48445
-77.9115 2.48445
-77.9115 2.48445
-77.9115 2.48445
-77.9115 2.48445
-77.9115 2.48445
-77.9115 2.48445
-77.9115 2.48445
-77.9115 2.48445
-77.8906 2.48502
-77.8906 2.48502
-77.8906 2.48502
-77.8906 2.48502
-77.8906 2.48502
-77.8906 2.48502
-77.8906 2.48502
-77.8906 2.48502
-77.8906 2.48502
-77.8906 2.48502
-77.8906 2.48502
-77.8906 2.48502
-77.8906 2.48502
-77.8906 2.48502
-77.8906 2.48502
-77.8906 2.48502
-77.8906 2.48502
-77.9771 2.48607
-77.9771 2.48607
-77.9771 2.48607
-77.9771 2.48607
-77.9771 2.48607
-77.9771 2.48607
-77.9771 2.48607
-77.9147 2.48847
-77.9147 2.48847
-77.9147 2.48847
-77.9147 2.48847
-77.9147 2.48847
-77.9147 2.48847
-77.9147 2.48847
-77.9147 2.48847
-77.9147 2.48847
-77.9147 2.48847
-77.9147 2.48847
-77.9147 2.48847
-77.9147 2.48847
-77.9147 2.48847
-77.9147 2.48847
-77.9147 2.48847
-77.9147 2.48847
-77.9875 2.49022
-77.9875 2.49022
-77.9875 2.49022
-77.9875 2.49022
-77.9875 2.49022
-77.9875 2.49022
-77.9875 2.49022
-77.9875 2.49022
-77.9875 2.49022
-77.9875 2.49022
-77.9875 2.49022
-77.9875 2.49022
-78.0514 2.49246
-78.0514 2.49246
-78.0514 2.49246
-78.0514 2.49246
-78.0514 2.49246
-78.0514 2.49246
-78.0514 2.49246
-78.0514 2.49246
-78.0514 2.49246
-78.0514 2.49246
-78.0514 2.49246
-78.0514 2.49246
-77.9825 2.49416
-77.9825 2.49416
-77.9825 2.49416
-77.9825 2.49416
-77.9825 2.49416
-77.9825 2.49416
-77.9825 2.49416
-77.9825 2.49416
-77.9825 2.49416
-77.9825 2.49416
-77.9825 2.49416
-77.9825 2.49416
-77.9825 2.49416
-77.9825 2.49416
-77.9825 2.49416
-78.0329 2.49476
-78.0329 2.49476
-78.0329 2.49476
-78.0329 2.49476
-78.0329 2.49476
-78.0329 2.49476
-78.0329 2.49476
-78.0329 2.49476
-78.0329 2.49476
-78.0329 2.49476
-78.0329 2.49476
-78.0329 2.49476
-78.0329 2.49476
-78.0329 2.49476
-78.0329 2.49476
-78.0435 2.49515
-78.0435 2.49515
-78.0435 2.49515
-78.0435 2.49515
-78.0435 2.49515
-78.0435 2.49515
-78.0435 2.49515
-78.0435 2.49515
-78.0435 2.49515
-78.0435 2.49515
-78.0435 2.49515
-78.0657 2.49559
-78.0657 2.49559
-78.0657 2.49559
-78.0657 2.49559
-78.0657 2.49559
-78.0657 2.49559
-78.0657 2.49559
-78.0657 2.49559
-78.0657 2.49559
-78.0657 2.49559
-78.0657 2.49559
-78.0657 2.49559
-78.0657 2.49559
-78.0772 2.49658
-78.0772 2.49658
-78.0772 2.49658
-78.0772 2.49658
-78.0772 2.49658
-78.0772 2.49658
-78.0772 2.49658
-78.0772 2.49658
-78.0772 2.49658
-78.0772 2.49658
-78.0772 2.49658
-78.0772 2.49658
-78.0803 2.49715
-78.0803 2.49715
-78.0803 2.49715
-78.0803 2.49715
-78.0803 2.49715
-78.0803 2.49715
-78.0803 2.49715
-78.0803 2.49715
-78.0803 2.49715
-78.0803 2.49715
-78.0803 2.49715
-78.0803 2.49715
-78.0803 2.49715
-78.0803 2.49715
-78.0803 2.49715
-78.0803 2.49715
-78.0936 2.49739
-78.0936 2.49739
-78.0936 2.49739
-78.0936 2.49739
-78.0936 2.49739
-78.0936 2.49739
-78.0936 2.49739
-78.0936 2.49739
-78.0936 2.49739
-78.0936 2.49739
-78.0936 2.49739
-78.0936 2.49739
-78.1107 2.49638
-78.1107 2.49638
-78.1107 2.49638
-78.1107 2.49638
-78.1107 2.49638
-78.1107 2.49638
-78.1107 2.49638
-78.1107 2.49638
-78.1107 2.49638
-78.1107 2.49638
-78.1107 2.49638
-78.1107 2.49638
-78.1107 2.49638
-78.1107 2.49638
-78.1308 2.49606
-78.1308 2.49606
-78.1308 2.49606
-78.1308 2.49606
-78.1308 2.49606
-78.1308 2.49606
-78.1308 2.49606
-78.1308 2.49606
-78.1308 2.49606
-78.1308 2.49606
-78.1308 2.49606
-78.1308 2.49606
-78.1308 2.49606
-78.1633 2.49582
-78.1633 2.49582
-78.1633 2.49582
-78.1633 2.49582
-78.1633 2.49582
-78.1633 2.49582
-78.1633 2.49582
-78.1633 2.49582
-78.1633 2.49582
-78.1633 2.49582
-78.1633 2.49582
-78.1633 2.49582
-78.1633 2.49582
-78.1633 2.49582
-78.1633 2.49582
-78.1633 2.49582
-78.1286 2.49534
-78.1286 2.49534
-78.1286 2.49534
-78.1286 2.49534
-78.1286 2.49534
-78.1286 2.49534
-78.1286 2.49534
-78.1286 2.49534
-78.1286 2.49534
-78.1286 2.49534
-78.1286 2.49534
-78.1286 2.49534
-78.1286 2.49534
-78.1689 2.49479
-78.1689 2.49479
-78.1689 2.49479
-78.1689 2.49479
-78.1689 2.49479
-78.1689 2.49479
-78.1689 2.49479
-78.1896 2.49444
-78.1896 2.49444
-78.1896 2.49444
-78.1896 2.49444
-78.1896 2.49444
-78.1896 2.49444
-78.1896 2.49444
-78.1896 2.49444
-78.1896 2.49444
-78.1896 2.49444
-78.1896 2.49444
-78.1896 2.49444
-78.1896 2.49444
-78.2361 2.49306
-78.2361 2.49306
-78.2361 2.49306
-78.2361 2.49306
-78.2361 2.49306
-78.2361 2.49306
-78.2361 2.49306
-78.2361 2.49306
-78.2361 2.49306
-78.2361 2.49306
-78.2361 2.49306
-78.2361 2.49306
-78.2361 2.49306
-78.2361 2.49306
-78.2361 2.49306
-78.232 2.49305
-78.232 2.49305
-78.232 2.49305
-78.232 2.49305
-78.232 2.49305
-78.232 2.49305
-78.232 2.49305
-78.232 2.49305
-78.232 2.49305
-78.232 2.49305
-78.232 2.49305
-78.232 2.49305
-78.232 2.49305
-78.232 2.49305
-78.232 2.49305
-78.2467 2.49242
-78.2467 2.49242
-78.2467 2.49242
-78.2467 2.49242
-78.2467 2.49242
-78.2467 2.49242
-78.2467 2.49242
-78.2467 2.49242
-78.2467 2.49242
-78.2467 2.49242
-78.2467 2.49242
-78.2467 2.49242
-78.2467 2.49242
-78.2369 2.49215
-78.2369 2.49215
-78.2369 2.49215
-78.2369 2.49215
-78.2369 2.49215
-78.2369 2.49215
-78.2369 2.49215
-78.2369 2.49215
-78.2369 2.49215
-78.2369 2.49215
-78.2369 2.49215
-78.2369 2.49215
-78.2369 2.49215
-78.2369 2.49215
-78.2463 2.49204
-78.2463 2.49204
-78.2463 2.49204
-78.2463 2.49204
-78.2463 2.49204
-78.2463 2.49204
-78.2463 2.49204
-78.2463 2.49204
-78.2463 2.49204
-78.2463 2.49204
-78.2463 2.49204
-78.2419 2.49235
-78.2419 2.49235
-78.2419 2.49235
-78.2419 2.49235
-78.2419 2.49235
-78.2419 2.49235
-78.2419 2.49235
-78.2419 2.49235
-78.2419 2.49235
-78.2419 2.49235
-78.2419 2.49235
-78.2419 2.49235
-78.2419 2.49235
-78.2419 2.49235
-77.7799 2.4963
-77.7799 2.4963
-77.7799 2.4963
-77.7799 2.4963
-77.7799 2.4963
-77.7799 2.4963
-77.7799 2.4963
-77.7799 2.4963
-77.7799 2.4963
-77.7799 2.4963
-77.7799 2.4963
-77.7799 2.4963
-77.7799 2.4963
-77.5376 2.49895
-77.5376 2.49895
-77.5376 2.49895
-77.5376 2.49895
-77.5376 2.49895
-77.5376 2.49895
-77.5376 2.49895
-77.5376 2.49895
-77.5376 2.49895
-77.5376 2.49895
-77.5376 2.49895
-77.5376 2.49895
-77.4891 2.50007
-77.4891 2.50007
-77.4891 2.50007
-77.4891 2.50007
-77.4891 2.50007
-77.4891 2.50007
-77.4891 2.50007
-77.4891 2.50007
-77.4891 2.50007
-77.4891 2.50007
-77.4891 2.50007
-77.4891 2.50007
-77.4891 2.50007
-77.4891 2.50007
-77.4034 2.50222
-77.4034 2.50222
-77.4034 2.50222
-77.4034 2.50222
-77.4034 2.50222
-77.4034 2.50222
-77.4034 2.50222
-77.4034 2.50222
-77.4034 2.50222
-77.4034 2.50222
-77.4034 2.50222
-77.4034 2.50222
-77.4034 2.50222
-77.4034 2.50222
-77.4034 2.50222
-77.4546 2.50374
-77.4546 2.50374
-77.4546 2.50374
-77.4546 2.50374
-77.4546 2.50374
-77.4546 2.50374
-77.4546 2.50374
-77.4546 2.50374
-77.4546 2.50374
-77.4546 2.50374
-77.4546 2.50374
-77.4546 2.50374
-77.4546 2.50374
-77.4737 2.50361
-77.4737 2.50361
-77.4737 2.50361
-77.4737 2.50361
-77.4737 2.50361
-77.4737 2.50361
-77.4737 2.50361
-77.4737 2.50361
-77.4737 2.50361
-77.4737 2.50361
-77.4737 2.50361
-77.4737 2.50361
-77.4737 2.50361
-77.4737 2.50361
-77.6847 2.50316
-77.6847 2.50316
-77.6847 2.50316
-77.6847 2.50316
-77.6847 2.50316
-77.6847 2.50316
-77.6847 2.50316
-77.6847 2.50316
-77.6847 2.50316
-77.6847 2.50316
-77.6847 2.50316
-77.6847 2.50316
-77.6847 2.50316
-77.6847 2.50316
-78.7207 2.49472
-78.7207 2.49472
-78.7207 2.49472
-78.7207 2.49472
-78.7207 2.49472
-78.7207 2.49472
-78.7207 2.49472
-78.7207 2.49472
-78.7207 2.49472
-78.7207 2.49472
-78.7207 2.49472
-78.7207 2.49472
-78.7719 2.49256
-78.7719 2.49256
-78.7719 2.49256
-78.7719 2.49256
-78.7719 2.49256
-78.7719 2.49256
-78.7719 2.49256
-78.7719 2.49256
-78.7719 2.49256
-78.7719 2.49256
-78.7719 2.49256
-78.7719 2.49256
-78.7719 2.49256
-78.7719 2.49256
-78.7719 2.49256
-78.7719 2.49256
-79.1249 2.48776
-79.1249 2.48776
-79.1249 2.48776
-79.1249 2.48776
-79.1249 2.48776
-79.1249 2.48776
-79.1249 2.48776
-79.1249 2.48776
-79.1249 2.48776
-79.1249 2.48776
-79.1249 2.48776
-79.1249 2.48776
-79.1249 2.48776
-79.3821 2.48541
-79.3821 2.48541
-79.3821 2.48541
-79.3821 2.48541
-79.3821 2.48541
-79.3821 2.48541
-79.3821 2.48541
-79.3821 2.48541
-79.3821 2.48541
-79.3821 2.48541
-79.3821 2.48541
-79.3821 2.48541
-79.3821 2.48541
-79.3821 2.48541
-79.3821 2.48541
-80.6329 2.47587
-80.6329 2.47587
-80.6329 2.47587
-80.6329 2.47587
-80.6329 2.47587
-80.6329 2.47587
-80.6329 2.47587
-80.6329 2.47587
-80.6329 2.47587
-80.6329 2.47587
-80.6329 2.47587
-80.6329 2.47587
-80.6608 2.47563
-80.6608 2.47563
-80.6608 2.47563
-80.6608 2.47563
-80.6608 2.47563
-80.6608 2.47563
-80.6608 2.47563
-80.6608 2.47563
-80.6608 2.47563
-80.6608 2.47563
-80.6608 2.47563
-80.6608 2.47563
-80.6608 2.47563
-80.704 2.475
-80.704 2.475
-80.704 2.475
-80.704 2.475
-80.704 2.475
-80.704 2.475
-80.704 2.475
-79.8488 2.47891
-79.8488 2.47891
-79.8488 2.47891
-79.8488 2.47891
-79.8488 2.47891
-79.8488 2.47891
-79.8488 2.47891
-79.8488 2.47891
-79.8488 2.47891
-79.8488 2.47891
-79.8488 2.47891
-79.8488 2.47891
-79.8488 2.47891
-79.8488 2.47891
-79.8488 2.47891
-79.8488 2.47891
-79.8488 2.47891
-79.8336 2.47898
-79.8336 2.47898
-79.8336 2.47898
-79.8336 2.47898
-79.8336 2.47898
-79.8336 2.47898
-79.8336 2.47898
-79.8336 2.47898
-79.8336 2.47898
-79.8336 2.47898
-79.8336 2.47898
-79.8622 2.47981
-79.8622 2.47981
-79.8622 2.47981
-79.8622 2.47981
-79.8622 2.47981
-79.8622 2.47981
-79.8622 2.47981
-79.8622 2.47981
-79.8622 2.47981
-79.8622 2.47981
-79.8622 2.47981
-79.8622 2.47981
-79.8622 2.47981
-79.8622 2.47981
-79.8622 2.47981
-79.9324 2.48011
-79.9324 2.48011
-79.9324 2.48011
-79.9324 2.48011
-79.9324 2.48011
-79.9324 2.48011
-79.9324 2.48011
-79.9324 2.48011
-79.9324 2.48011
-79.9324 2.48011
-79.9324 2.48011
-79.9324 2.48011
-79.9324 2.48011
-79.9324 2.48011
-80.1638 2.48009
-80.1638 2.48009
-80.1638 2.48009
-80.1638 2.48009
-80.1638 2.48009
-80.1638 2.48009
-80.1638 2.48009
-80.1638 2.48009
-80.1638 2.48009
-80.1638 2.48009
-80.1638 2.48009
-80.2081 2.4835
-80.2081 2.4835
-80.2081 2.4835
-80.2081 2.4835
-80.2081 2.4835
-80.2081 2.4835
-80.2081 2.4835
-80.2081 2.4835
-80.2081 2.4835
-80.2081 2.4835
-80.2081 2.4835
-80.2081 2.4835
-80.2081 2.4835
-80.3899 2.48423
-80.3899 2.48423
-80.3899 2.48423
-80.3899 2.48423
-80.3899 2.48423
-80.3899 2.48423
-80.3899 2.48423
-80.3899 2.48423
-80.3899 2.48423
-80.3899 2.48423
-80.3899 2.48423
-80.3899 2.48423
-80.3899 2.48423
-80.3899 2.48423
-80.3899 2.48423
-80.7653 2.48525
-80.7653 2.48525
-80.7653 2.48525
-80.7653 2.48525
-80.7653 2.48525
-80.7653 2.48525
-80.7653 2.48525
-80.7653 2.48525
-80.7653 2.48525
-80.7653 2.48525
-80.7653 2.48525
-81.0915 2.48622
-81.0915 2.48622
-81.0915 2.48622
-81.0915 2.48622
-81.0915 2.48622
-81.0915 2.48622
-81.0915 2.48622
-81.5767 2.48539
-81.5767 2.48539
-81.5767 2.48539
-81.5767 2.48539
-81.66 2.48655
-81.66 2.48655
-81.66 2.48655
-81.66 2.48655
-81.66 2.48655
-81.7373 2.48722
-81.7373 2.48722
-81.7373 2.48722
-81.7373 2.48722
-81.7641 2.48835
-81.7641 2.48835
-81.7641 2.48835
-81.7641 2.48835
-81.7174 2.48966
-81.7174 2.48966
-81.7174 2.48966
-81.7174 2.48966
-81.7174 2.48966
-81.7174 2.48966
-81.6602 2.491
-81.6602 2.491
-81.6602 2.491
-81.6602 2.491
-81.5376 2.49371
-81.5376 2.49371
-81.5376 2.49371
-81.5376 2.49371
-81.3254 2.4974
-81.3254 2.4974
-81.3254 2.4974
-81.3254 2.4974
-81.3254 2.4974
-81.2783 2.49811
-81.2783 2.49811
-81.2783 2.49811
-81.2783 2.49811
-81.2783 2.49811
-79.7301 2.51287
-79.7301 2.51287
-79.7301 2.51287
-79.7301 2.51287
-81.1095 2.50505
-81.1095 2.50505
-81.1095 2.50505
-81.1095 2.50505
-81.1095 2.50505
-81.0263 2.50614
-81.0263 2.50614
-81.0263 2.50614
-81.0263 2.50614
-81.0244 2.50657
-81.0244 2.50657
-81.0244 2.50657
-81.0244 2.50657
-81.0124 2.50734
-81.0124 2.50734
-81.0124 2.50734
-81.0124 2.50734
-81.0124 2.50734
-81.0124 2.50734
-81.0244 2.50781
-81.0244 2.50781
-81.0244 2.50781
-81.0244 2.50781
-81.0183 2.50865
-81.0183 2.50865
-81.0183 2.50865
-81.0183 2.50865
-81.0183 2.50865
-81.6655 2.5003
-81.6655 2.5003
-81.6655 2.5003
-81.6655 2.5003
-81.2037 2.51219
-81.2037 2.51219
-81.2037 2.51219
-81.2037 2.51219
-81.1506 2.51337
-81.1506 2.51337
-81.1506 2.51337
-81.1506 2.51337
-81.1506 2.51337
-81.1506 2.51337
-81.1718 2.51371
-81.1718 2.51371
-81.1718 2.51371
-81.1718 2.51371
-81.1718 2.51371
-81.2151 2.51408
-81.2151 2.51408
-81.2151 2.51408
-81.2151 2.51408
-81.2151 2.51408
-81.2665 2.514
-81.2665 2.514
-81.2665 2.514
-81.2665 2.514
-81.2665 2.514
-81.2665 2.514
-81.3077 2.51393
-81.3077 2.51393
-81.3077 2.51393
-81.3077 2.51393
-81.3824 2.51387
-81.3824 2.51387
-81.3824 2.51387
-81.3824 2.51387
-81.3824 2.51387
-81.4285 2.51428
-81.4285 2.51428
-81.4285 2.51428
-81.4285 2.51428
-81.4386 2.51459
-81.4386 2.51459
-81.4386 2.51459
-81.4386 2.51459
-81.4386 2.51459
-81.4412 2.51484
-81.4412 2.51484
-81.4412 2.51484
-81.4412 2.51484
-81.471 2.51505
-81.471 2.51505
-81.471 2.51505
-81.471 2.51505
-81.471 2.51505
-81.4876 2.51513
-81.4876 2.51513
-81.4876 2.51513
-81.4876 2.51513
-81.5441 2.51492
-81.5441 2.51492
-81.5441 2.51492
-81.5441 2.51492
-81.5441 2.51492
-81.5472 2.51487
-81.5472 2.51487
-81.5472 2.51487
-81.5472 2.51487
-81.5472 2.51487
-81.5655 2.51452
-81.5655 2.51452
-81.5655 2.51452
-81.5655 2.51452
-81.5655 2.51452
-81.5702 2.5141
-81.5702 2.5141
-81.5702 2.5141
-81.5702 2.5141
-81.5891 2.51305
-81.5891 2.51305
-81.5891 2.51305
-81.5891 2.51305
-81.5891 2.51305
-81.519 2.51181
-81.519 2.51181
-81.519 2.51181
-81.519 2.51181
-81.519 2.51181
-81.5064 2.51091
-81.5064 2.51091
-81.5064 2.51091
-81.5064 2.51091
-81.4564 2.50903
-81.4564 2.50903
-81.4564 2.50903
-81.4564 2.50903
-81.3888 2.5065
-81.3888 2.5065
-81.3888 2.5065
-81.3888 2.5065
-81.3888 2.5065
-81.1396 2.50241
-81.1396 2.50241
-81.1396 2.50241
-81.1396 2.50241
-81.1396 2.50241
-81.0545 2.50085
-81.0545 2.50085
-81.0545 2.50085
-81.0545 2.50085
-81.0545 2.50085
-80.7583 2.49826
-80.7583 2.49826
-80.7583 2.49826
-80.7583 2.49826
-80.7583 2.49826
-80.7583 2.49826
-80.5995 2.49617
-80.5995 2.49617
-80.5995 2.49617
-80.5995 2.49617
-80.5995 2.49617
-80.3949 2.4942
-80.3949 2.4942
-80.3949 2.4942
-80.3949 2.4942
-80.3949 2.4942
-80.3949 2.4942
-80.1648 2.49238
-80.1648 2.49238
-80.1648 2.49238
-80.1648 2.49238
-80.1648 2.49238
-80.0438 2.49036
-80.0438 2.49036
-80.0438 2.49036
-80.0438 2.49036
-80.0438 2.49036
-80.6941 2.48328
-80.6941 2.48328
-80.6941 2.48328
-80.6941 2.48328
-80.656 2.48348
-80.656 2.48348
-80.656 2.48348
-80.656 2.48348
-80.656 2.48348
-80.5043 2.48259
-80.5043 2.48259
-80.5043 2.48259
-80.5043 2.48259
-80.5043 2.48259
-80.5043 2.48259
-80.1829 2.48329
-80.1829 2.48329
-80.1829 2.48329
-80.1829 2.48329
-80.1829 2.48329
-80.1829 2.48329
-79.0748 2.48717
-79.0748 2.48717
-79.0748 2.48717
-79.0748 2.48717
-79.4325 2.48532
-79.4325 2.48532
-79.4325 2.48532
-79.4325 2.48532
-79.4325 2.48532
-79.4325 2.48532
-79.4179 2.48537
-79.4179 2.48537
-79.4179 2.48537
-79.1531 2.48526
-79.1531 2.48526
-79.1531 2.48526
-79.1531 2.48526
-79.1531 2.48526
-78.7521 2.48644
-78.7521 2.48644
-78.7521 2.48644
-78.7521 2.48644
-78.7521 2.48644
-78.5792 2.48665
-78.5792 2.48665
-78.5792 2.48665
-78.5792 2.48665
-77.4576 2.49007
-77.4576 2.49007
-77.4576 2.49007
-77.4576 2.49007
-77.4576 2.49007
-77.3568 2.49067
-77.3568 2.49067
-77.3568 2.49067
-77.3568 2.49067
-77.057 2.49174
-77.057 2.49174
-77.057 2.49174
-77.057 2.49174
-77.0019 2.49236
-77.0019 2.49236
-77.0019 2.49236
-77.0019 2.49236
-77.0019 2.49236
-77.0019 2.49236
-76.9442 2.49334
-76.9442 2.49334
-76.9442 2.49334
-76.9442 2.49334
-76.9442 2.49334
-76.9339 2.49362
-76.9339 2.49362
-76.9339 2.49362
-76.9339 2.49362
-76.9914 2.49249
-76.9914 2.49249
-76.9914 2.49249
-76.9914 2.49249
-76.9914 2.49249
-76.9914 2.49249
-77.0055 2.4917
-77.0055 2.4917
-77.0055 2.4917
-77.0055 2.4917
-77.0091 2.49101
-77.0091 2.49101
-77.0091 2.49101
-77.0091 2.49101
-77.0091 2.49101
-76.962 2.49107
-76.962 2.49107
-76.962 2.49107
-76.962 2.49107
-76.962 2.49107
-76.9155 2.49121
-76.9155 2.49121
-76.9155 2.49121
-76.9155 2.49121
-76.9155 2.49121
-76.9785 2.49073
-76.9785 2.49073
-76.9785 2.49073
-76.9785 2.49073
-76.9785 2.49073
-76.9155 2.48987
-76.9155 2.48987
-76.9155 2.48987
-76.9155 2.48987
-76.9155 2.48987
-76.8442 2.4905
-76.8442 2.4905
-76.8442 2.4905
-76.8442 2.4905
-76.8442 2.4905
-77.3841 2.48782
-77.3841 2.48782
-77.3841 2.48782
-77.3841 2.48782
-76.7743 2.49046
-76.7743 2.49046
-76.7743 2.49046
-76.7743 2.49046
-76.7743 2.49046
-76.6923 2.49086
-76.6923 2.49086
-76.6923 2.49086
-76.6923 2.49086
-76.6923 2.49086
-76.6923 2.49086
-76.6543 2.49103
-76.6543 2.49103
-76.6543 2.49103
-76.6543 2.49103
-76.6407 2.49101
-76.6407 2.49101
-76.6407 2.49101
-76.6407 2.49101
-76.6407 2.49101
-76.6216 2.49072
-76.6216 2.49072
-76.6216 2.49072
-76.6216 2.49072
-76.6216 2.49072
-76.6203 2.49072
-76.6203 2.49072
-76.6203 2.49072
-76.6203 2.49072
-76.5996 2.49074
-76.5996 2.49074
-76.5996 2.49074
-76.5996 2.49074
-76.5996 2.49074
-76.5996 2.49074
-76.5975 2.49134
-76.5975 2.49134
-76.5975 2.49134
-76.5975 2.49134
-76.5975 2.49134
-76.6476 2.49216
-76.6476 2.49216
-76.6476 2.49216
-76.6476 2.49216
-76.6476 2.49216
-76.6476 2.49216
-76.6865 2.49358
-76.6865 2.49358
-76.6865 2.49358
-76.6865 2.49358
-76.6865 2.49358
-76.6828 2.49437
-76.6828 2.49437
-76.6828 2.49437
-76.6828 2.49437
-76.6828 2.49437
-76.6796 2.49502
-76.6796 2.49502
-76.6796 2.49502
-76.6796 2.49502
-76.6796 2.49502
-76.6796 2.49502
-76.6796 2.49502
-76.671 2.49598
-76.671 2.49598
-76.671 2.49598
-76.671 2.49598
-76.6764 2.49639
-76.6764 2.49639
-76.6764 2.49639
-76.6764 2.49639
-76.6764 2.49639
-76.6764 2.49639
-76.6952 2.49648
-76.6952 2.49648
-76.6952 2.49648
-76.6952 2.49648
-76.707 2.49676
-76.707 2.49676
-76.707 2.49676
-76.707 2.49676
-76.707 2.49676
-76.7084 2.49736
-76.7084 2.49736
-76.7084 2.49736
-76.7084 2.49736
-76.7084 2.49736
-76.7169 2.49788
-76.7169 2.49788
-76.7169 2.49788
-76.7169 2.49788
-76.7169 2.49788
-76.7485 2.49827
-76.7485 2.49827
-76.7485 2.49827
-76.7485 2.49827
-76.7485 2.49827
-76.7485 2.49827
-76.7485 2.49827
-76.7596 2.49849
-76.7596 2.49849
-76.7596 2.49849
-76.7596 2.49849
-76.7596 2.49849
-76.7596 2.49849
-76.751 2.49884
-76.751 2.49884
-76.751 2.49884
-76.7533 2.49893
-76.7533 2.49893
-76.7533 2.49893
-76.7533 2.49893
-76.7533 2.49893
-76.7525 2.49935
-76.7525 2.49935
-76.7525 2.49935
-76.7525 2.49935
-76.7633 2.49937
-76.7633 2.49937
-76.7633 2.49937
-76.7633 2.49937
-76.7633 2.49937
-76.7633 2.49937
-76.7633 2.49937
-76.7493 2.49961
-76.7493 2.49961
-76.7493 2.49961
-76.7493 2.49961
-76.7493 2.49961
-76.7578 2.49971
-76.7578 2.49971
-76.7578 2.49971
-76.7578 2.49971
-76.7578 2.49971
-76.7578 2.49971
-76.6755 2.50006
-76.6755 2.50006
-76.6755 2.50006
-76.6755 2.50006
-76.6771 2.50016
-76.6771 2.50016
-76.6771 2.50016
-76.6771 2.50016
-76.6827 2.50029
-76.6827 2.50029
-76.6827 2.50029
-76.6827 2.50029
-76.6827 2.50029
-76.6827 2.50029
-76.7064 2.50022
-76.7064 2.50022
-76.7064 2.50022
-76.7064 2.50022
-76.7278 2.50023
-76.7278 2.50023
-76.7278 2.50023
-76.7278 2.50023
-76.7278 2.50023
-76.7278 2.50023
-76.7295 2.5002
-76.7295 2.5002
-76.7295 2.5002
-76.7295 2.5002
-76.736 2.5002
-76.736 2.5002
-76.736 2.5002
-76.736 2.5002
-76.736 2.5002
-76.736 2.5002
-76.7443 2.50015
-76.7443 2.50015
-76.7443 2.50015
-76.7443 2.50015
-76.7443 2.50015
-76.7443 2.50015
-76.7408 2.50011
-76.7408 2.50011
-76.7408 2.50011
-76.7475 2.50037
-76.7475 2.50037
-76.7475 2.50037
-76.7475 2.50037
-76.7475 2.50037
-76.7382 2.50044
-76.7382 2.50044
-76.7382 2.50044
-76.7382 2.50044
-76.7382 2.50044
-76.744 2.50043
-76.744 2.50043
-76.744 2.50043
-76.744 2.50043
-76.744 2.50043
-76.7411 2.50045
-76.7411 2.50045
-76.7411 2.50045
-76.7411 2.50045
-76.7411 2.50045
-76.7407 2.50036
-76.7407 2.50036
-76.7407 2.50036
-76.7407 2.50036
-76.7407 2.50036
-76.7309 2.50035
-76.7309 2.50035
-76.7309 2.50035
-76.7309 2.50035
-76.744 2.50034
-76.744 2.50034
-76.744 2.50034
-76.744 2.50034
-76.744 2.50034
-76.744 2.50034
-76.7578 2.50037
-76.7578 2.50037
-76.7578 2.50037
-76.7578 2.50037
-76.7556 2.50041
-76.7556 2.50041
-76.7556 2.50041
-76.7556 2.50041
-76.7556 2.50041
-76.7556 2.50041
-76.7425 2.50087
-76.7425 2.50087
-76.7425 2.50087
-76.7425 2.50087
-76.7425 2.50087
-76.7547 2.5012
-76.7547 2.5012
-76.7547 2.5012
-76.7547 2.5012
-76.7547 2.5012
-76.7706 2.50292
-76.7706 2.50292
-76.7706 2.50292
-76.7706 2.50292
-76.7706 2.50292
-76.7706 2.50292
-77.5918 2.5091
-77.5918 2.5091
-77.5918 2.5091
-77.5918 2.5091
-77.5918 2.5091
-77.5918 2.5091
-77.1132 2.51302
-77.1132 2.51302
-77.1132 2.51302
-77.0409 2.51516
-77.0409 2.51516
-77.0409 2.51516
-77.0409 2.51516
-77.0409 2.51516
-77.0409 2.51516
-77.0409 2.51516
-77.0092 2.51692
-77.0092 2.51692
-77.0092 2.51692
-77.0092 2.51692
-77.0092 2.51692
-76.981 2.51961
-76.981 2.51961
-76.981 2.51961
-76.981 2.51961
-76.981 2.51961
-76.981 2.51961
-76.9572 2.51949
-76.9572 2.51949
-76.9572 2.51949
-76.9572 2.51949
-76.9572 2.51949
-76.9572 2.51949
-76.87 2.51946
-76.87 2.51946
-76.87 2.51946
-76.87 2.51946
-76.87 2.51946
-76.9496 2.5172
-76.9496 2.5172
-76.9496 2.5172
-76.9496 2.5172
-76.9496 2.5172
-77.7551 2.51324
-77.7551 2.51324
-77.7551 2.51324
-77.7551 2.51324
-77.7551 2.51324
-77.9449 2.51071
-77.9449 2.51071
-77.9449 2.51071
-77.9449 2.51071
-77.9449 2.51071
-77.9449 2.51071
-78.4128 2.50598
-78.4128 2.50598
-78.4128 2.50598
-78.4128 2.50598
-78.6299 2.50384
-78.6299 2.50384
-78.6299 2.50384
-78.6299 2.50384
-78.6299 2.50384
-78.6299 2.50384
-78.7724 2.50144
-78.7724 2.50144
-78.7724 2.50144
-78.7724 2.50144
-78.7724 2.50144
-78.7724 2.50144
-79.0159 2.49805
-79.0159 2.49805
-79.0159 2.49805
-79.0159 2.49805
-79.0159 2.49805
-79.0159 2.49805
-78.9943 2.49691
-78.9943 2.49691
-78.9943 2.49691
-78.9943 2.49691
-78.9943 2.49691
-78.9943 2.49691
-79.2241 2.49474
-79.2241 2.49474
-79.2241 2.49474
-79.2241 2.49474
-79.4063 2.49266
-79.4063 2.49266
-79.4063 2.49266
-79.4063 2.49266
-79.4063 2.49266
-79.4063 2.49266
-79.4063 2.49266
-79.6154 2.49143
-79.6154 2.49143
-79.6154 2.49143
-79.6154 2.49143
-80.1011 2.48888
-80.1011 2.48888
-80.1011 2.48888
-80.1011 2.48888
-80.1011 2.48888
-80.4421 2.48626
-80.4421 2.48626
-80.4421 2.48626
-80.4421 2.48626
-80.4421 2.48626
-80.4421 2.48626
-80.5658 2.48449
-80.5658 2.48449
-80.5658 2.48449
-80.5658 2.48449
-80.5658 2.48449
-80.929 2.48054
-80.929 2.48054
-80.929 2.48054
-80.929 2.48054
-80.929 2.48054
-81.138 2.478
-81.138 2.478
-81.138 2.478
-81.138 2.478
-81.138 2.478
-81.2725 2.47636
-81.2725 2.47636
-81.2725 2.47636
-81.2725 2.47636
-81.3259 2.4747
-81.3259 2.4747
-81.3259 2.4747
-81.3259 2.4747
-81.3259 2.4747
-81.3259 2.4747
-81.4544 2.47147
-81.4544 2.47147
-81.4544 2.47147
-81.4544 2.47147
-81.4544 2.47147
-81.4544 2.47147
-81.625 2.46759
-81.625 2.46759
-81.625 2.46759
-81.625 2.46759
-81.625 2.46759
-81.8038 2.46467
-81.8038 2.46467
-81.8038 2.46467
-81.8038 2.46467
-81.8038 2.46467
-82.0861 2.46137
-82.0861 2.46137
-82.0861 2.46137
-82.0861 2.46137
-82.0861 2.46137
-82.3491 2.46033
-82.3491 2.46033
-82.3491 2.46033
-82.3491 2.46033
-82.3491 2.46033
-82.3491 2.46033
-82.3491 2.46033
-83.3488 2.45838
-83.3488 2.45838
-83.3488 2.45838
-83.3488 2.45838
-83.2382 2.45886
-83.2382 2.45886
-83.2382 2.45886
-83.2382 2.45886
-83.2382 2.45886
-83.2317 2.45925
-83.2317 2.45925
-83.2317 2.45925
-83.2317 2.45925
-83.2317 2.45925
-83.2317 2.45925
-84.2765 2.45992
-84.2765 2.45992
-84.2765 2.45992
-84.2765 2.45992
-84.2765 2.45992
-84.7241 2.46298
-84.7241 2.46298
-84.7241 2.46298
-84.7241 2.46298
-84.7241 2.46298
-84.7582 2.46174
-84.7582 2.46174
-84.7582 2.46174
-84.7582 2.46174
-84.7582 2.46174
-84.7582 2.46174
-84.7582 2.46174
-84.7712 2.46171
-84.7712 2.46171
-84.7712 2.46171
-84.7712 2.46171
-84.7712 2.46171
-84.8532 2.46257
-84.8532 2.46257
-84.8532 2.46257
-84.8532 2.46257
-84.8532 2.46257
-84.8532 2.46257
-85.0053 2.46372
-85.0053 2.46372
-85.0053 2.46372
-85.0053 2.46372
-85.0053 2.46372
-85.0053 2.46372
-85.1308 2.4641
-85.1308 2.4641
-85.1308 2.4641
-85.1308 2.4641
-85.1308 2.4641
-85.3145 2.4668
-85.3145 2.4668
-85.3145 2.4668
-85.3145 2.4668
-85.3145 2.4668
-85.3145 2.4668
-85.3654 2.46692
-85.3654 2.46692
-85.3654 2.46692
-85.3654 2.46692
-85.4598 2.46729
-85.4598 2.46729
-85.4598 2.46729
-85.4598 2.46729
-85.4598 2.46729
-85.5773 2.46762
-85.5773 2.46762
-85.5773 2.46762
-85.5773 2.46762
-85.5773 2.46762
-85.8674 2.46816
-85.8674 2.46816
-85.8674 2.46816
-85.8674 2.46816
-85.8674 2.46816
-86.0266 2.46842
-86.0266 2.46842
-86.0266 2.46842
-86.0266 2.46842
-86.2063 2.46783
-86.2063 2.46783
-86.2063 2.46783
-86.2063 2.46783
-86.2063 2.46783
-86.2063 2.46783
-86.2063 2.46783
-86.3936 2.46761
-86.3936 2.46761
-86.3936 2.46761
-86.3936 2.46761
-86.3936 2.46761
-86.537 2.46766
-86.537 2.46766
-86.537 2.46766
-86.537 2.46766
-86.537 2.46766
-86.681 2.46811
-86.681 2.46811
-86.681 2.46811
-86.681 2.46811
-86.681 2.46811
-86.681 2.46811
-86.8231 2.46785
-86.8231 2.46785
-86.8231 2.46785
-86.8231 2.46785
-86.8231 2.46785
-86.8606 2.4693
-86.8606 2.4693
-86.8606 2.4693
-86.8606 2.4693
-86.8606 2.4693
-86.9076 2.4694
-86.9076 2.4694
-86.9076 2.4694
-86.9076 2.4694
-86.9076 2.4694
-86.9076 2.4694
-87.181 2.46881
-87.181 2.46881
-87.181 2.46881
-87.181 2.46881
-87.181 2.46881
-87.1082 2.4694
-87.1082 2.4694
-87.1082 2.4694
-87.1082 2.4694
-87.1082 2.4694
-87.1082 2.4694
-87.1082 2.4694
-87.0791 2.4694
-87.0791 2.4694
-87.0791 2.4694
-87.0791 2.4694
-87.0791 2.4694
-87.2377 2.46917
-87.2377 2.46917
-87.2377 2.46917
-87.2377 2.46917
-87.2377 2.46917
-87.2377 2.46917
-87.2905 2.46947
-87.2905 2.46947
-87.2905 2.46947
-87.2905 2.46947
-87.2905 2.46947
-87.2905 2.46947
-87.2905 2.46947
-87.3333 2.47039
-87.3333 2.47039
-87.3333 2.47039
-87.3333 2.47039
-87.3333 2.47039
-87.2309 2.47043
-87.2309 2.47043
-87.2309 2.47043
-87.2309 2.47043
-87.2309 2.47043
-87.2309 2.47043
-87.2309 2.47043
-87.2309 2.47043
-87.3163 2.46996
-87.3163 2.46996
-87.3163 2.46996
-87.3163 2.46996
-87.3163 2.46996
-87.3163 2.46996
-87.3494 2.46933
-87.3494 2.46933
-87.3494 2.46933
-87.3494 2.46933
-87.3494 2.46933
-87.3862 2.46868
-87.3862 2.46868
-87.3862 2.46868
-87.3862 2.46868
-87.3862 2.46868
-87.3795 2.46839
-87.3795 2.46839
-87.3795 2.46839
-87.3795 2.46839
-87.3795 2.46839
-87.4048 2.46736
-87.4048 2.46736
-87.4048 2.46736
-87.4048 2.46736
-87.4048 2.46736
-87.4709 2.46684
-87.4709 2.46684
-87.16 2.46613
-87.16 2.46613
-87.16 2.46613
-87.16 2.46613
-87.16 2.46613
-87.16 2.46613
-87.1789 2.46582
-87.1789 2.46582
-87.1789 2.46582
-87.1789 2.46582
-87.1789 2.46582
-87.1789 2.46582
-87.3048 2.46499
-87.3048 2.46499
-87.3048 2.46499
-87.3048 2.46499
-87.3076 2.46348
-87.3076 2.46348
-87.3076 2.46348
-87.3076 2.46348
-87.3076 2.46348
-87.3076 2.46348
-87.4526 2.4624
-87.4526 2.4624
-87.4526 2.4624
-87.4526 2.4624
-87.4526 2.4624
-87.5075 2.46118
-87.5075 2.46118
-87.5075 2.46118
-87.5075 2.46118
-87.5075 2.46118
-87.5075 2.46118
-87.5075 2.46118
-87.4798 2.45917
-87.4798 2.45917
-87.4798 2.45917
-87.4798 2.45917
-87.4798 2.45917
-87.4798 2.45917
-87.4888 2.45729
-87.4888 2.45729
-87.4888 2.45729
-87.4888 2.45729
-87.5062 2.45513
-87.5062 2.45513
-87.5062 2.45513
-87.5062 2.45513
-87.5062 2.45513
-87.4566 2.45274
-87.4566 2.45274
-87.4566 2.45274
-87.4566 2.45274
-87.4566 2.45274
-87.4566 2.45274
-87.4034 2.45114
-87.4034 2.45114
-87.4034 2.45114
-87.4034 2.45114
-87.4034 2.45114
-87.2887 2.44896
-87.2887 2.44896
-87.2887 2.44896
-87.2887 2.44896
-87.2887 2.44896
-87.2887 2.44896
-87.2887 2.44896
-87.1611 2.44741
-87.1611 2.44741
-87.1611 2.44741
-87.1611 2.44741
-87.1611 2.44741
-87.1611 2.44741
-86.8072 2.44571
-86.8072 2.44571
-86.8072 2.44571
-86.8072 2.44571
-86.3986 2.44503
-86.3986 2.44503
-86.3986 2.44503
-86.3986 2.44503
-86.3986 2.44503
-86.2243 2.44545
-86.2243 2.44545
-86.2243 2.44545
-86.2243 2.44545
-86.2243 2.44545
-86.2243 2.44545
-85.213 2.44525
-85.213 2.44525
-85.213 2.44525
-85.213 2.44525
-85.213 2.44525
-85.213 2.44525
-84.0403 2.44737
-84.0403 2.44737
-84.0403 2.44737
-84.0403 2.44737
-84.0403 2.44737
-85.12 2.44063
-85.12 2.44063
-85.12 2.44063
-85.12 2.44063
-85.12 2.44063
-85.12 2.44063
-85.0811 2.44141
-85.0811 2.44141
-85.0811 2.44141
-85.0811 2.44141
-85.0811 2.44141
-85.0811 2.44141
-85.0832 2.44137
-85.0832 2.44137
-85.0832 2.44137
-85.0832 2.44137
-85.0832 2.44137
-85.0832 2.44137
-85.0832 2.44137
-84.9033 2.44164
-84.9033 2.44164
-84.9033 2.44164
-84.9033 2.44164
-84.9033 2.44164
-84.7022 2.44107
-84.7022 2.44107
-84.7022 2.44107
-84.7022 2.44107
-84.7022 2.44107
-83.0938 2.44661
-83.0938 2.44661
-83.0938 2.44661
-83.0938 2.44661
-83.0938 2.44661
-83.4266 2.44355
-83.4266 2.44355
-83.4266 2.44355
-83.4266 2.44355
-83.4266 2.44355
-83.3959 2.44404
-83.3959 2.44404
-83.3959 2.44404
-83.3959 2.44404
-83.3959 2.44404
-83.3959 2.44404
-82.9284 2.4466
-82.9284 2.4466
-82.9284 2.4466
-82.9284 2.4466
-82.9284 2.4466
-82.9284 2.4466
-82.3296 2.45167
-82.3296 2.45167
-82.3296 2.45167
-82.3296 2.45167
-82.3296 2.45167
-82.3296 2.45167
-82.3296 2.45167
-82.0661 2.45496
-82.0661 2.45496
-82.0661 2.45496
-82.0661 2.45496
-81.5402 2.45891
-81.5402 2.45891
-81.5402 2.45891
-81.5402 2.45891
-81.5402 2.45891
-81.5402 2.45891
-81.5402 2.45891
-81.5402 2.45891
-81.5402 2.45891
-81.235 2.46251
-81.235 2.46251
-81.235 2.46251
-81.235 2.46251
-81.235 2.46251
-81.235 2.46251
-81.235 2.46251
-80.924 2.467
-80.924 2.467
-80.924 2.467
-80.924 2.467
-80.924 2.467
-80.4901 2.4716
-80.4901 2.4716
-80.4901 2.4716
-80.4901 2.4716
-80.4901 2.4716
-80.4901 2.4716
-80.1447 2.47443
-80.1447 2.47443
-80.1447 2.47443
-80.1447 2.47443
-80.1447 2.47443
-80.1447 2.47443
-80.1866 2.47621
-80.1866 2.47621
-80.1866 2.47621
-80.1866 2.47621
-80.1866 2.47621
-80.1866 2.47621
-80.1693 2.479
-80.1693 2.479
-80.1693 2.479
-80.1693 2.479
-80.1693 2.479
-79.988 2.48264
-79.988 2.48264
-79.988 2.48264
-79.988 2.48264
-79.7776 2.48642
-79.7776 2.48642
-79.7776 2.48642
-79.7776 2.48642
-79.7776 2.48642
-79.7776 2.48642
-79.6531 2.48937
-79.6531 2.48937
-79.6531 2.48937
-79.6531 2.48937
-79.6531 2.48937
-79.6531 2.48937
-79.5261 2.49143
-79.5261 2.49143
-79.5261 2.49143
-79.5261 2.49143
-79.5261 2.49143
-79.5261 2.49143
-79.5261 2.49143
-79.5261 2.49143
-79.1493 2.4937
-79.1493 2.4937
-79.1493 2.4937
-79.1493 2.4937
-79.1493 2.4937
-78.4593 2.49824
-78.4593 2.49824
-78.4593 2.49824
-78.4593 2.49824
-78.4593 2.49824
-78.4174 2.49865
-78.4174 2.49865
-78.4174 2.49865
-78.4174 2.49865
-78.4174 2.49865
-78.4174 2.49865
-78.4174 2.49865
-78.3751 2.49882
-78.3751 2.49882
-78.3751 2.49882
-78.3751 2.49882
-78.3751 2.49882
-78.1266 2.49989
-78.1266 2.49989
-78.1266 2.49989
-78.1266 2.49989
-78.1266 2.49989
-78.1266 2.49989
-78.1266 2.49989
-78.0621 2.50108
-78.0621 2.50108
-78.0621 2.50108
-78.0621 2.50108
-78.0621 2.50108
-77.9773 2.50214
-77.9773 2.50214
-77.9773 2.50214
-77.9773 2.50214
-77.9773 2.50214
-77.9773 2.50214
-77.9773 2.50214
-78.0268 2.50264
-78.0268 2.50264
-78.0268 2.50264
-78.0268 2.50264
-78.0268 2.50264
-78.0268 2.50264
-78.07 2.50282
-78.07 2.50282
-78.07 2.50282
-78.07 2.50282
-78.07 2.50282
-78.07 2.50282
-78.1063 2.50194
-78.1063 2.50194
-78.1063 2.50194
-78.1063 2.50194
-78.1404 2.50125
-78.1404 2.50125
-78.1404 2.50125
-78.1404 2.50125
-78.1404 2.50125
-78.1404 2.50125
-78.1404 2.50125
-78.1404 2.50125
-78.2922 2.49894
-78.2922 2.49894
-78.2922 2.49894
-78.2922 2.49894
-78.2922 2.49894
-78.2744 2.49733
-78.2744 2.49733
-78.2744 2.49733
-78.2744 2.49733
-78.2744 2.49733
-78.2744 2.49733
-78.2744 2.49733
-78.1836 2.49502
-78.1836 2.49502
-78.1836 2.49502
-78.1836 2.49502
-78.1836 2.49502
-78.1836 2.49502
-78.1836 2.49502
-78.324 2.49304
-78.324 2.49304
-78.324 2.49304
-78.324 2.49304
-78.324 2.49304
-78.324 2.49304
-78.3464 2.49213
-78.3464 2.49213
-78.3464 2.49213
-78.3464 2.49213
-78.3464 2.49213
-78.3464 2.49213
-78.3111 2.49183
-78.3111 2.49183
-78.3111 2.49183
-78.3111 2.49183
-78.3111 2.49183
-78.3111 2.49183
-78.3151 2.4918
-78.3151 2.4918
-78.3151 2.4918
-78.3151 2.4918
-78.3151 2.4918
-78.3151 2.4918
-78.3151 2.4918
-78.3099 2.49211
-78.3099 2.49211
-78.3099 2.49211
-78.3099 2.49211
-78.3099 2.49211
-78.3099 2.49211
-78.2463 2.49329
-78.2463 2.49329
-78.2463 2.49329
-78.2463 2.49329
-78.2463 2.49329
-78.2463 2.49329
-78.2191 2.4949
-78.2191 2.4949
-78.2191 2.4949
-78.2191 2.4949
-78.2191 2.4949
-78.2191 2.4949
-78.1185 2.49674
-78.1185 2.49674
-78.1185 2.49674
-78.1185 2.49674
-78.1185 2.49674
-78.1185 2.49674
-78.2893 2.49731
-78.2893 2.49731
-78.2893 2.49731
-78.2893 2.49731
-78.2893 2.49731
-78.2893 2.49731
-78.0778 2.50003
-78.0778 2.50003
-78.0778 2.50003
-78.0778 2.50003
-78.0778 2.50003
-78.0187 2.50085
-78.0187 2.50085
-78.0187 2.50085
-78.0187 2.50085
-78.0187 2.50085
-78.0187 2.50085
-77.9954 2.50225
-77.9954 2.50225
-77.9954 2.50225
-77.9954 2.50225
-77.9954 2.50225
-77.9954 2.50225
-77.8844 2.50502
-77.8844 2.50502
-77.8844 2.50502
-77.8844 2.50502
-77.8844 2.50502
-77.8844 2.50502
-77.8844 2.50502
-77.8909 2.5061
-77.8909 2.5061
-77.8909 2.5061
-77.8909 2.5061
-77.8909 2.5061
-77.8909 2.5061
-77.8909 2.5061
-77.9683 2.50872
-77.9683 2.50872
-77.9683 2.50872
-77.9683 2.50872
-77.9683 2.50872
-77.9683 2.50872
-77.9374 2.50953
-77.9374 2.50953
-77.9374 2.50953
-77.9374 2.50953
-77.9374 2.50953
-77.8049 2.5104
-77.8049 2.5104
-77.8049 2.5104
-77.8049 2.5104
-77.8049 2.5104
-77.8049 2.5104
-78.116 2.51154
-78.116 2.51154
-78.116 2.51154
-78.116 2.51154
-78.116 2.51154
-78.116 2.51154
-78.0042 2.51239
-78.0042 2.51239
-78.0042 2.51239
-78.0042 2.51239
-78.0042 2.51239
-78.0042 2.51239
-78.0682 2.51155
-78.0682 2.51155
-78.0682 2.51155
-78.0682 2.51155
-78.0829 2.51102
-78.0829 2.51102
-78.0829 2.51102
-78.0829 2.51102
-78.0829 2.51102
-78.0829 2.51102
-77.8736 2.51231
-77.8736 2.51231
-77.8736 2.51231
-77.8736 2.51231
-77.8736 2.51231
-77.8736 2.51231
-77.8736 2.51231
-78.0007 2.51191
-78.0007 2.51191
-78.0007 2.51191
-78.0007 2.51191
-78.0007 2.51191
-78.0007 2.51191
-77.7968 2.51328
-77.7968 2.51328
-77.7968 2.51328
-77.7968 2.51328
-77.7968 2.51328
-77.7968 2.51328
-77.7968 2.51328
-77.7451 2.514
-77.7451 2.514
-77.7451 2.514
-77.7451 2.514
-77.7451 2.514
-77.6911 2.51474
-77.6911 2.51474
-77.6911 2.51474
-77.6911 2.51474
-77.6911 2.51474
-77.6911 2.51474
-77.6911 2.51474
-77.6911 2.51474
-77.6911 2.51474
-78.0236 2.51662
-78.0236 2.51662
-78.0236 2.51662
-78.0236 2.51662
-78.0236 2.51662
-77.8432 2.5194
-77.8432 2.5194
-77.8432 2.5194
-77.8432 2.5194
-77.8432 2.5194
-77.8432 2.5194
-77.764 2.5214
-77.764 2.5214
-77.764 2.5214
-77.764 2.5214
-77.764 2.5214
-77.764 2.5214
-77.7606 2.52216
-77.7606 2.52216
-77.7606 2.52216
-77.7606 2.52216
-77.7606 2.52216
-77.7606 2.52216
-77.9363 2.52347
-77.9363 2.52347
-77.9363 2.52347
-77.9363 2.52347
-77.9363 2.52347
-77.9363 2.52347
-77.9363 2.52347
-77.9768 2.52405
-77.9768 2.52405
-77.9768 2.52405
-77.9768 2.52405
-77.9768 2.52405
-77.9768 2.52405
-78.0324 2.5243
-78.0324 2.5243
-78.0324 2.5243
-78.0324 2.5243
-78.0324 2.5243
-78.0324 2.5243
-77.9279 2.52592
-77.9279 2.52592
-77.9279 2.52592
-77.9279 2.52592
-77.9279 2.52592
-77.9279 2.52592
-77.8293 2.52699
-77.8293 2.52699
-77.8293 2.52699
-77.8293 2.52699
-77.8293 2.52699
-77.816 2.52751
-77.816 2.52751
-77.816 2.52751
-77.816 2.52751
-77.816 2.52751
-77.816 2.52751
-77.816 2.52751
-77.816 2.52751
-77.9389 2.52677
-77.9389 2.52677
-77.9389 2.52677
-77.9389 2.52677
-77.8545 2.52778
-77.8545 2.52778
-77.8545 2.52778
-77.8545 2.52778
-77.8545 2.52778
-77.8545 2.52778
-77.8545 2.52778
-77.8102 2.52827
-77.8102 2.52827
-77.8102 2.52827
-77.8102 2.52827
-77.8102 2.52827
-77.8102 2.52827
-77.9412 2.5287
-77.9412 2.5287
-77.9412 2.5287
-77.9412 2.5287
-77.9412 2.5287
-77.9412 2.5287
-77.9412 2.5287
-77.9034 2.5291
-77.9034 2.5291
-77.9034 2.5291
-77.9034 2.5291
-77.9034 2.5291
-77.9034 2.5291
-77.8652 2.53024
-77.8652 2.53024
-77.8652 2.53024
-77.8652 2.53024
-77.8652 2.53024
-77.8652 2.53024
-77.8481 2.53189
-77.8481 2.53189
-77.8481 2.53189
-77.8481 2.53189
-77.8481 2.53189
-77.8481 2.53189
-78.0817 2.53354
-78.0817 2.53354
-78.0817 2.53354
-78.0817 2.53354
-78.0817 2.53354
-78.0817 2.53354
-77.9714 2.53613
-77.9714 2.53613
-77.9714 2.53613
-77.9714 2.53613
-77.9714 2.53613
-77.9714 2.53613
-78.0972 2.53767
-78.0972 2.53767
-78.0972 2.53767
-78.0972 2.53767
-78.0972 2.53767
-78.0972 2.53767
-77.9088 2.53895
-77.9088 2.53895
-77.9088 2.53895
-77.9088 2.53895
-77.9088 2.53895
-77.9088 2.53895
-77.9088 2.53895
-78.0448 2.53833
-78.0448 2.53833
-78.0448 2.53833
-78.0448 2.53833
-78.0448 2.53833
-77.8221 2.5378
-77.8221 2.5378
-77.8221 2.5378
-77.8221 2.5378
-77.8221 2.5378
-77.8221 2.5378
-77.8221 2.5378
-77.8221 2.5378
-77.8221 2.5378
-77.7806 2.53766
-77.7806 2.53766
-77.7806 2.53766
-77.7806 2.53766
-77.9346 2.53619
-77.9346 2.53619
-77.9346 2.53619
-77.9346 2.53619
-77.9346 2.53619
-77.9346 2.53619
-78.0413 2.53399
-78.0413 2.53399
-78.0413 2.53399
-78.0413 2.53399
-78.0413 2.53399
-78.0413 2.53399
-78.0413 2.53399
-77.8572 2.53207
-77.8572 2.53207
-77.8572 2.53207
-77.8572 2.53207
-77.8572 2.53207
-77.8572 2.53207
-77.8376 2.53055
-77.8376 2.53055
-77.8376 2.53055
-77.8376 2.53055
-77.8376 2.53055
-77.8376 2.53055
-77.8027 2.52862
-77.8027 2.52862
-77.8027 2.52862
-77.8027 2.52862
-77.8027 2.52862
-77.8027 2.52862
-77.8027 2.52862
-77.8027 2.52862
-77.7887 2.52792
-77.7887 2.52792
-77.7887 2.52792
-77.7887 2.52792
-77.7887 2.52792
-77.7887 2.52792
-78.0281 2.52461
-78.0281 2.52461
-78.0281 2.52461
-78.0281 2.52461
-78.0281 2.52461
-78.0281 2.52461
-77.9101 2.5244
-77.9101 2.5244
-77.9101 2.5244
-77.9101 2.5244
-77.9101 2.5244
-77.9101 2.5244
-77.9101 2.5244
-77.9067 2.52453
-77.9067 2.52453
-77.9067 2.52453
-77.9067 2.52453
-77.9067 2.52453
-77.9067 2.52453
-77.8508 2.525
-77.8508 2.525
-77.8508 2.525
-77.8508 2.525
-77.8508 2.525
-77.8508 2.525
-77.8581 2.52505
-77.8581 2.52505
-77.8581 2.52505
-77.8581 2.52505
-77.8581 2.52505
-77.8581 2.52505
-77.8581 2.52505
-77.8641 2.52518
-77.8641 2.52518
-77.8641 2.52518
-77.8641 2.52518
-77.8641 2.52518
-77.8641 2.52518
-77.9921 2.52617
-77.9921 2.52617
-77.9921 2.52617
-77.9921 2.52617
-77.9921 2.52617
-77.9921 2.52617
-77.9921 2.52617
-77.9852 2.52688
-77.9852 2.52688
-77.9852 2.52688
-77.9852 2.52688
-77.9852 2.52688
-77.9852 2.52688
-77.9843 2.52782
-77.9843 2.52782
-77.9843 2.52782
-77.9843 2.52782
-77.9843 2.52782
-77.9843 2.52782
-78.2781 2.53114
-78.2781 2.53114
-78.2781 2.53114
-78.2781 2.53114
-78.2781 2.53114
-78.2781 2.53114
-78.2296 2.53269
-78.2296 2.53269
-78.2296 2.53269
-78.2296 2.53269
-78.2296 2.53269
-78.2296 2.53269
-78.1743 2.53408
-78.1743 2.53408
-78.1743 2.53408
-78.1743 2.53408
-78.1743 2.53408
-78.1743 2.53408
-77.9388 2.53817
-77.9388 2.53817
-77.9388 2.53817
-77.9388 2.53817
-77.9388 2.53817
-77.9194 2.53982
-77.9194 2.53982
-77.9194 2.53982
-77.9194 2.53982
-77.9194 2.53982
-77.9194 2.53982
-78.4625 2.54028
-78.4625 2.54028
-78.4625 2.54028
-78.4625 2.54028
-78.4625 2.54028
-78.4625 2.54028
-78.486 2.54152
-78.486 2.54152
-78.486 2.54152
-78.486 2.54152
-78.486 2.54152
-78.486 2.54152
-78.556 2.54326
-78.556 2.54326
-78.556 2.54326
-78.556 2.54326
-78.556 2.54326
-78.556 2.54326
-78.7749 2.54228
-78.7749 2.54228
-78.7749 2.54228
-78.7749 2.54228
-78.7749 2.54228
-78.905 2.54226
-78.905 2.54226
-78.905 2.54226
-78.905 2.54226
-78.905 2.54226
-78.905 2.54226
-79.2079 2.54091
-79.2079 2.54091
-79.2079 2.54091
-79.2079 2.54091
-79.2079 2.54091
-79.2079 2.54091
-79.2079 2.54091
-80.3752 2.52844
-80.3752 2.52844
-80.3752 2.52844
-80.3752 2.52844
-80.3752 2.52844
-80.3752 2.52844
-80.405 2.52836
-80.405 2.52836
-80.405 2.52836
-80.405 2.52836
-80.405 2.52836
-80.405 2.52836
-80.433 2.52858
-80.433 2.52858
-80.433 2.52858
-80.433 2.52858
-80.433 2.52858
-80.6404 2.52606
-80.6404 2.52606
-80.6404 2.52606
-80.6404 2.52606
-80.6404 2.52606
-80.6404 2.52606
-80.6404 2.52606
-80.6821 2.52441
-80.6821 2.52441
-80.6821 2.52441
-80.6821 2.52441
-80.6821 2.52441
-80.7229 2.52129
-80.7229 2.52129
-80.7229 2.52129
-80.7229 2.52129
-80.7229 2.52129
-80.7229 2.52129
-80.7553 2.5207
-80.7553 2.5207
-80.7553 2.5207
-80.7553 2.5207
-80.7553 2.5207
-80.7553 2.5207
-80.762 2.51937
-80.762 2.51937
-80.762 2.51937
-80.762 2.51937
-80.762 2.51937
-80.762 2.51937
-80.762 2.51937
-80.7658 2.51885
-80.7658 2.51885
-80.7658 2.51885
-80.7658 2.51885
-80.7658 2.51885
-80.7658 2.51885
-80.7751 2.51823
-80.7751 2.51823
-80.7751 2.51823
-80.7751 2.51823
-80.7751 2.51823
-80.7751 2.51823
-80.7606 2.51758
-80.7606 2.51758
-80.7606 2.51758
-80.7606 2.51758
-80.7606 2.51758
-80.7606 2.51758
-80.6952 2.51623
-80.6952 2.51623
-80.6952 2.51623
-80.6952 2.51623
-80.6952 2.51623
-80.6952 2.51623
-80.1505 2.51894
-80.1505 2.51894
-80.1505 2.51894
-80.1505 2.51894
-80.1505 2.51894
-80.1505 2.51894
-79.6121 2.51978
-79.6121 2.51978
-79.6121 2.51978
-79.6121 2.51978
-79.6121 2.51978
-79.1597 2.52164
-79.1597 2.52164
-79.1597 2.52164
-79.1597 2.52164
-79.1597 2.52164
-79.1597 2.52164
-79.1597 2.52164
-78.5295 2.52545
-78.5295 2.52545
-78.5295 2.52545
-78.5295 2.52545
-78.5295 2.52545
-77.418 2.53181
-77.418 2.53181
-77.418 2.53181
-77.418 2.53181
-77.418 2.53181
-77.418 2.53181
-77.418 2.53181
-78.0534 2.5261
-78.0534 2.5261
-78.0534 2.5261
-78.0534 2.5261
-78.0534 2.5261
-78.0534 2.5261
-78.0534 2.5261
-77.5809 2.52728
-77.5809 2.52728
-77.5809 2.52728
-77.5809 2.52728
-77.5809 2.52728
-77.5809 2.52728
-77.5007 2.52746
-77.5007 2.52746
-77.5007 2.52746
-77.5007 2.52746
-77.5007 2.52746
-77.3304 2.52747
-77.3304 2.52747
-77.3304 2.52747
-77.3304 2.52747
-77.3304 2.52747
-77.3304 2.52747
-77.3304 2.52747
-77.2842 2.52704
-77.2842 2.52704
-77.2842 2.52704
-77.2842 2.52704
-77.2842 2.52704
-77.1507 2.52659
-77.1507 2.52659
-77.1507 2.52659
-77.1507 2.52659
-77.1507 2.52659
-77.1507 2.52659
-77.1507 2.52659
-77.2712 2.52508
-77.2712 2.52508
-77.2712 2.52508
-77.2712 2.52508
-77.2712 2.52508
-77.2712 2.52508
-77.2229 2.52571
-77.2229 2.52571
-77.2229 2.52571
-77.2229 2.52571
-77.2229 2.52571
-77.2229 2.52571
-77.2229 2.52571
-77.195 2.52402
-77.195 2.52402
-77.195 2.52402
-77.195 2.52402
-77.195 2.52402
-77.195 2.52402
-77.1064 2.52431
-77.1064 2.52431
-77.1064 2.52431
-77.1064 2.52431
-77.1064 2.52431
-77.1064 2.52431
-77.1064 2.52431
-76.8505 2.52532
-76.8505 2.52532
-76.8505 2.52532
-76.8505 2.52532
-76.8505 2.52532
-76.8274 2.52488
-76.8274 2.52488
-76.8274 2.52488
-76.8274 2.52488
-76.8274 2.52488
-76.8274 2.52488
-76.8274 2.52488
-76.8216 2.52443
-76.8216 2.52443
-76.8216 2.52443
-76.8216 2.52443
-76.8216 2.52443
-76.8335 2.5243
-76.8335 2.5243
-76.8335 2.5243
-76.8335 2.5243
-76.8335 2.5243
-76.8335 2.5243
-76.8335 2.5243
-76.7613 2.52463
-76.7613 2.52463
-76.7613 2.52463
-76.7613 2.52463
-76.7552 2.52479
-76.7552 2.52479
-76.7552 2.52479
-76.7552 2.52479
-76.7552 2.52479
-76.7547 2.52514
-76.7547 2.52514
-76.7547 2.52514
-76.7547 2.52514
-76.7547 2.52514
-76.7547 2.52514
-76.7547 2.52514
-76.7154 2.52595
-76.7154 2.52595
-76.7154 2.52595
-76.7154 2.52595
-76.7154 2.52595
-76.7154 2.52595
-76.7154 2.52595
-76.7802 2.52626
-76.7802 2.52626
-76.7802 2.52626
-76.7802 2.52626
-76.7802 2.52626
-76.8199 2.5263
-76.8199 2.5263
-76.8199 2.5263
-76.8199 2.5263
-76.8199 2.5263
-76.8199 2.5263
-76.8199 2.5263
-76.8199 2.5263
-76.9718 2.52695
-76.9718 2.52695
-76.9718 2.52695
-76.9718 2.52695
-76.9718 2.52695
-76.9961 2.52797
-76.9961 2.52797
-76.9961 2.52797
-76.9961 2.52797
-76.9961 2.52797
-76.9961 2.52797
-76.9968 2.52742
-76.9968 2.52742
-76.9968 2.52742
-76.9968 2.52742
-76.9968 2.52742
-76.9968 2.52742
-76.9217 2.52924
-76.9217 2.52924
-76.9217 2.52924
-76.9217 2.52924
-76.9217 2.52924
-76.9217 2.52924
-76.9217 2.52924
-76.981 2.53065
-76.981 2.53065
-76.981 2.53065
-76.981 2.53065
-76.981 2.53065
-76.981 2.53065
-76.8908 2.53173
-76.8908 2.53173
-76.8908 2.53173
-76.8908 2.53173
-76.8908 2.53173
-76.8908 2.53173
-76.9475 2.53208
-76.9475 2.53208
-76.9475 2.53208
-76.9475 2.53208
-76.9475 2.53208
-76.9475 2.53208
-76.9475 2.53208
-77.0131 2.53306
-77.0131 2.53306
-77.0131 2.53306
-77.0131 2.53306
-77.0131 2.53306
-77.0131 2.53306
-77.0131 2.53306
-77.0551 2.5334
-77.0551 2.5334
-77.0551 2.5334
-77.0551 2.5334
-77.0551 2.5334
-77.0551 2.5334
-77.0824 2.53364
-77.0824 2.53364
-77.0824 2.53364
-77.0824 2.53364
-77.0824 2.53364
-77.0824 2.53364
-77.9487 2.53118
-77.9487 2.53118
-77.9487 2.53118
-77.9487 2.53118
-77.9487 2.53118
-77.9899 2.53095
-77.9899 2.53095
-77.9899 2.53095
-77.9899 2.53095
-77.9899 2.53095
-77.9899 2.53095
-77.9899 2.53095
-78.2862 2.52845
-78.2862 2.52845
-78.2862 2.52845
-78.2862 2.52845
-78.2862 2.52845
-78.2862 2.52845
-78.2862 2.52845
-78.8005 2.5237
-78.8005 2.5237
-78.8005 2.5237
-78.8005 2.5237
-78.8005 2.5237
-78.8594 2.52356
-78.8594 2.52356
-78.8594 2.52356
-78.8594 2.52356
-78.8594 2.52356
-78.8594 2.52356
-79.0771 2.52381
-79.0771 2.52381
-79.0771 2.52381
-79.0771 2.52381
-79.2543 2.5239
-79.2543 2.5239
-79.2543 2.5239
-79.2543 2.5239
-79.2543 2.5239
-79.2543 2.5239
-79.2543 2.5239
-79.5717 2.52298
-79.5717 2.52298
-79.5717 2.52298
-79.5717 2.52298
-79.5717 2.52298
-79.5717 2.52298
-79.792 2.52274
-79.792 2.52274
-79.792 2.52274
-79.792 2.52274
-79.792 2.52274
-79.792 2.52274
-79.792 2.52274
-79.665 2.52689
-79.665 2.52689
-79.665 2.52689
-79.665 2.52689
-79.665 2.52689
-79.665 2.52689
-79.637 2.5275
-79.637 2.5275
-79.637 2.5275
-79.637 2.5275
-79.6182 2.52835
-79.6182 2.52835
-79.6182 2.52835
-79.6182 2.52835
-79.6182 2.52835
-79.6182 2.52835
-79.6041 2.52872
-79.6041 2.52872
-79.6041 2.52872
-79.6041 2.52872
-79.6041 2.52872
-79.6041 2.52872
-79.6041 2.52872
-79.8157 2.52733
-79.8157 2.52733
-79.8157 2.52733
-79.8157 2.52733
-79.6865 2.52921
-79.6865 2.52921
-79.6865 2.52921
-79.6865 2.52921
-79.6865 2.52921
-79.6865 2.52921
-79.5654 2.52991
-79.5654 2.52991
-79.5654 2.52991
-79.5654 2.52991
-79.5654 2.52991
-79.5654 2.52991
-79.3124 2.5317
-79.3124 2.5317
-79.3124 2.5317
-79.3124 2.5317
-79.3124 2.5317
-79.3124 2.5317
-79.3124 2.5317
-79.0941 2.5336
-79.0941 2.5336
-79.0941 2.5336
-79.0941 2.5336
-79.0941 2.5336
-79.0941 2.5336
-78.9044 2.53468
-78.9044 2.53468
-78.9044 2.53468
-78.9044 2.53468
-78.9044 2.53468
-78.9044 2.53468
-78.6953 2.53489
-78.6953 2.53489
-78.6953 2.53489
-78.6953 2.53489
-78.6953 2.53489
-78.6953 2.53489
-78.6953 2.53489
-78.6953 2.53489
-78.3991 2.53531
-78.3991 2.53531
-78.3991 2.53531
-78.3991 2.53531
-78.2318 2.53507
-78.2318 2.53507
-78.2318 2.53507
-78.2318 2.53507
-78.2318 2.53507
-78.2318 2.53507
-78.0264 2.53501
-78.0264 2.53501
-78.0264 2.53501
-78.0264 2.53501
-78.0264 2.53501
-78.0264 2.53501
-78.0264 2.53501
-77.9508 2.53344
-77.9508 2.53344
-77.9508 2.53344
-77.9508 2.53344
-77.9508 2.53344
-77.9508 2.53344
-76.9313 2.53433
-76.9313 2.53433
-76.9313 2.53433
-76.9313 2.53433
-76.9313 2.53433
-76.9313 2.53433
-76.9891 2.53434
-76.9891 2.53434
-76.9891 2.53434
-76.9891 2.53434
-76.9891 2.53434
-76.9755 2.53338
-76.9755 2.53338
-76.9755 2.53338
-76.9755 2.53338
-76.9755 2.53338
-76.9755 2.53338
-77.136 2.53047
-77.136 2.53047
-77.136 2.53047
-77.136 2.53047
-77.136 2.53047
-77.136 2.53047
-76.9967 2.52843
-76.9967 2.52843
-76.9967 2.52843
-76.9967 2.52843
-76.9967 2.52843
-76.9967 2.52843
-76.9967 2.52843
-76.9244 2.52765
-76.9244 2.52765
-76.9244 2.52765
-76.9244 2.52765
-76.9244 2.52765
-76.9244 2.52765
-76.9244 2.52765
-76.8757 2.52464
-76.8757 2.52464
-76.8757 2.52464
-76.8757 2.52464
-76.8757 2.52464
-76.773 2.52316
-76.773 2.52316
-76.773 2.52316
-76.773 2.52316
-76.773 2.52316
-76.773 2.52316
-76.8056 2.52248
-76.8056 2.52248
-76.8056 2.52248
-76.8056 2.52248
-76.8056 2.52248
-76.8056 2.52248
-76.8201 2.52214
-76.8201 2.52214
-76.8201 2.52214
-76.8201 2.52214
-76.8201 2.52214
-76.8201 2.52214
-76.8252 2.5218
-76.8252 2.5218
-76.8252 2.5218
-76.8252 2.5218
-76.8252 2.5218
-76.8252 2.5218
-76.8252 2.5218
-76.8294 2.52169
-76.8294 2.52169
-76.8294 2.52169
-76.8294 2.52169
-76.8294 2.52169
-76.8294 2.52169
-76.8294 2.52169
-76.8294 2.52169
-76.8423 2.52181
-76.8423 2.52181
-76.8423 2.52181
-76.8423 2.52181
-76.8423 2.52181
-76.8843 2.52202
-76.8843 2.52202
-76.8843 2.52202
-76.8843 2.52202
-76.8843 2.52202
-76.8843 2.52202
-76.8943 2.52255
-76.8943 2.52255
-76.8943 2.52255
-76.8943 2.52255
-76.8943 2.52255
-76.9183 2.52359
-76.9183 2.52359
-76.9183 2.52359
-76.9183 2.52359
-76.9183 2.52359
-76.9183 2.52359
-76.9183 2.52359
-76.9686 2.52469
-76.9686 2.52469
-76.9686 2.52469
-76.9686 2.52469
-76.9686 2.52469
-77.2258 2.52504
-77.2258 2.52504
-77.2258 2.52504
-77.2258 2.52504
-77.2258 2.52504
-77.2258 2.52504
-77.2258 2.52504
-77.2258 2.52504
-77.2169 2.52505
-77.2169 2.52505
-77.2169 2.52505
-77.2169 2.52505
-77.2169 2.52505
-77.1855 2.52519
-77.1855 2.52519
-77.1855 2.52519
-77.1855 2.52519
-77.1855 2.52519
-77.1855 2.52519
-77.3001 2.52564
-77.3001 2.52564
-77.3001 2.52564
-77.3001 2.52564
-77.3001 2.52564
-77.3001 2.52564
-77.3085 2.52621
-77.3085 2.52621
-77.3085 2.52621
-77.3085 2.52621
-77.3085 2.52621
-77.3085 2.52621
-77.3085 2.52621
-77.2784 2.52714
-77.2784 2.52714
-77.2784 2.52714
-77.2784 2.52714
-77.2784 2.52714
-77.2199 2.52894
-77.2199 2.52894
-77.2199 2.52894
-77.2199 2.52894
-77.2199 2.52894
-77.2199 2.52894
-77.2139 2.53075
-77.2139 2.53075
-77.2139 2.53075
-77.2139 2.53075
-77.2139 2.53075
-77.2139 2.53075
-77.2485 2.53116
-77.2485 2.53116
-77.2485 2.53116
-77.2485 2.53116
-77.2485 2.53116
-77.2485 2.53116
-77.2485 2.53116
-77.9688 2.52821
-77.9688 2.52821
-77.9688 2.52821
-77.9688 2.52821
-77.9688 2.52821
-77.9688 2.52821
-78.1061 2.52777
-78.1061 2.52777
-78.1061 2.52777
-78.1061 2.52777
-78.1061 2.52777
-78.1061 2.52777
-78.1061 2.52777
-78.0972 2.52841
-78.0972 2.52841
-78.0972 2.52841
-78.0972 2.52841
-78.0972 2.52841
-78.0972 2.52841
-78.1223 2.52719
-78.1223 2.52719
-78.1223 2.52719
-78.1223 2.52719
-78.1223 2.52719
-78.1223 2.52719
-78.1223 2.52719
-78.1223 2.52719
-78.4544 2.52313
-78.4544 2.52313
-78.4544 2.52313
-78.4544 2.52313
-78.4544 2.52313
-79.0659 2.51821
-79.0659 2.51821
-79.0659 2.51821
-79.0659 2.51821
-79.0659 2.51821
-79.0659 2.51821
-79.0659 2.51821
-78.9617 2.51879
-78.9617 2.51879
-78.9617 2.51879
-78.9617 2.51879
-78.9617 2.51879
-78.9617 2.51879
-79.0952 2.51679
-79.0952 2.51679
-79.0952 2.51679
-79.0952 2.51679
-79.0952 2.51679
-79.0952 2.51679
-79.2902 2.51503
-79.2902 2.51503
-79.2902 2.51503
-79.2902 2.51503
-79.2902 2.51503
-79.2902 2.51503
-79.4775 2.51299
-79.4775 2.51299
-79.4775 2.51299
-79.4775 2.51299
-79.4775 2.51299
-79.4775 2.51299
-79.5019 2.51317
-79.5019 2.51317
-79.5019 2.51317
-79.5019 2.51317
-79.5019 2.51317
-79.5019 2.51317
-79.5347 2.51301
-79.5347 2.51301
-79.5347 2.51301
-79.5347 2.51301
-79.5347 2.51301
-79.5133 2.51309
-79.5133 2.51309
-79.5133 2.51309
-79.5133 2.51309
-79.5133 2.51309
-79.5133 2.51309
-79.5133 2.51309
-79.4493 2.51403
-79.4493 2.51403
-79.4493 2.51403
-79.4493 2.51403
-79.4493 2.51403
-79.4493 2.51403
-79.4458 2.5145
-79.4458 2.5145
-79.4458 2.5145
-79.4458 2.5145
-79.4458 2.5145
-79.3205 2.51582
-79.3205 2.51582
-79.3205 2.51582
-79.3205 2.51582
-79.3205 2.51582
-79.3205 2.51582
-79.2093 2.51749
-79.2093 2.51749
-79.2093 2.51749
-79.2093 2.51749
-79.2093 2.51749
-78.8969 2.5223
-78.8969 2.5223
-78.8969 2.5223
-78.8969 2.5223
-78.8969 2.5223
-78.8969 2.5223
-78.53 2.52595
-78.53 2.52595
-78.53 2.52595
-78.53 2.52595
-78.53 2.52595
-78.53 2.52595
-78.53 2.52595
-78.2302 2.52919
-78.2302 2.52919
-78.2302 2.52919
-78.2302 2.52919
-78.2302 2.52919
-78.2302 2.52919
-78.1834 2.52991
-78.1834 2.52991
-78.1834 2.52991
-78.1834 2.52991
-78.1834 2.52991
-78.1834 2.52991
-78.1834 2.52991
-77.3217 2.53217
-77.3217 2.53217
-77.3217 2.53217
-77.3217 2.53217
-77.3217 2.53217
-77.3217 2.53217
-77.0742 2.53399
-77.0742 2.53399
-77.0742 2.53399
-77.0742 2.53399
-77.0742 2.53399
-76.8881 2.5349
-76.8881 2.5349
-76.8881 2.5349
-76.8881 2.5349
-76.8881 2.5349
-76.8881 2.5349
-76.8881 2.5349
-76.8641 2.53478
-76.8641 2.53478
-76.8641 2.53478
-76.8641 2.53478
-76.8641 2.53478
-76.8641 2.53478
-76.9669 2.53475
-76.9669 2.53475
-76.9669 2.53475
-76.9669 2.53475
-76.9669 2.53475
-76.9669 2.53475
-76.9669 2.53475
-77.2843 2.53205
-77.2843 2.53205
-77.2843 2.53205
-77.2843 2.53205
-77.2843 2.53205
-77.1518 2.53251
-77.1518 2.53251
-77.1518 2.53251
-77.1518 2.53251
-77.1518 2.53251
-77.1518 2.53251
-77.1518 2.53251
-76.9819 2.53482
-76.9819 2.53482
-76.9819 2.53482
-76.9819 2.53482
-76.9819 2.53482
-76.9819 2.53482
-76.9819 2.53482
-76.9187 2.53549
-76.9187 2.53549
-76.9187 2.53549
-76.9187 2.53549
-76.9187 2.53549
-76.9187 2.53549
-76.7085 2.53643
-76.7085 2.53643
-76.7085 2.53643
-76.7085 2.53643
-76.7085 2.53643
-76.7085 2.53643
-76.7137 2.53665
-76.7137 2.53665
-76.7137 2.53665
-76.7137 2.53665
-76.7137 2.53665
-76.7137 2.53665
-76.7137 2.53665
-76.7334 2.53645
-76.7334 2.53645
-76.7334 2.53645
-76.7334 2.53645
-76.7334 2.53645
-76.7334 2.53645
-76.7623 2.53645
-76.7623 2.53645
-76.7623 2.53645
-76.7623 2.53645
-76.7623 2.53645
-76.7623 2.53645
-76.7775 2.53662
-76.7775 2.53662
-76.7775 2.53662
-76.7775 2.53662
-76.7775 2.53662
-76.7775 2.53662
-76.7775 2.53662
-76.7912 2.53673
-76.7912 2.53673
-76.7912 2.53673
-76.7912 2.53673
-76.7912 2.53673
-76.8295 2.53699
-76.8295 2.53699
-76.8295 2.53699
-76.8295 2.53699
-76.8295 2.53699
-76.8295 2.53699
-76.8566 2.53729
-76.8566 2.53729
-76.8566 2.53729
-76.8566 2.53729
-76.8566 2.53729
-76.8566 2.53729
-76.8805 2.53778
-76.8805 2.53778
-76.8805 2.53778
-76.8805 2.53778
-76.8805 2.53778
-76.8805 2.53778
-76.9612 2.53826
-76.9612 2.53826
-76.9612 2.53826
-76.9612 2.53826
-76.9612 2.53826
-76.9612 2.53826
-76.9612 2.53826
-77.0033 2.53834
-77.0033 2.53834
-77.0033 2.53834
-77.0033 2.53834
-77.0033 2.53834
-77.0033 2.53834
-77.0153 2.53861
-77.0153 2.53861
-77.0153 2.53861
-77.0153 2.53861
-77.0153 2.53861
-77.0153 2.53861
-77.0153 2.53861
-77.0153 2.53861
-77.0319 2.53863
-77.0319 2.53863
-77.0319 2.53863
-77.0319 2.53863
-77.0319 2.53863
-77.0377 2.53857
-77.0377 2.53857
-77.0377 2.53857
-77.0377 2.53857
-77.0377 2.53857
-77.0266 2.53858
-77.0266 2.53858
-77.0266 2.53858
-77.0266 2.53858
-77.0266 2.53858
-77.0266 2.53858
-77.0266 2.53858
-77.0315 2.53857
-77.0315 2.53857
-77.0315 2.53857
-77.0315 2.53857
-77.0315 2.53857
-77.0315 2.53857
-77.0315 2.53857
-77.0315 2.53857
-77.0476 2.53856
-77.0476 2.53856
-77.0476 2.53856
-77.0476 2.53856
-77.0476 2.53856
-77.0476 2.53856
-77.0422 2.53848
-77.0422 2.53848
-77.0422 2.53848
-77.0422 2.53848
-77.0422 2.53848
-77.0422 2.53848
-77.0422 2.53848
-77.0601 2.53836
-77.0601 2.53836
-77.0601 2.53836
-77.0601 2.53836
-77.0601 2.53836
-77.0666 2.53829
-77.0666 2.53829
-77.0666 2.53829
-77.0666 2.53829
-77.0666 2.53829
-77.0666 2.53829
-77.0666 2.53829
-77.0725 2.53812
-77.0725 2.53812
-77.0725 2.53812
-77.0725 2.53812
-77.0725 2.53812
-77.0725 2.53812
-77.0827 2.5379
-77.0827 2.5379
-77.0827 2.5379
-77.0827 2.5379
-77.0827 2.5379
-77.0827 2.5379
-77.0872 2.53787
-77.0872 2.53787
-77.0872 2.53787
-77.0872 2.53787
-77.0872 2.53787
-77.0914 2.53769
-77.0914 2.53769
-77.0914 2.53769
-77.0914 2.53769
-77.0914 2.53769
-77.0914 2.53769
-77.0914 2.53769
-77.0869 2.5377
-77.0869 2.5377
-77.0869 2.5377
-77.0869 2.5377
-77.0869 2.5377
-77.091 2.53776
-77.091 2.53776
-77.091 2.53776
-77.091 2.53776
-77.091 2.53776
-77.091 2.53776
-77.0807 2.53779
-77.0807 2.53779
-77.0807 2.53779
-77.0807 2.53779
-77.0807 2.53779
-77.0807 2.53779
-77.0807 2.53779
-77.0707 2.53783
-77.0707 2.53783
-77.0707 2.53783
-77.0707 2.53783
-77.0707 2.53783
-77.0707 2.53783
-77.0315 2.53792
-77.0315 2.53792
-77.0315 2.53792
-77.0315 2.53792
-77.0315 2.53792
-77.0315 2.53792
-77.0387 2.53789
-77.0387 2.53789
-77.0387 2.53789
-77.0387 2.53789
-77.0387 2.53789
-77.0387 2.53789
-77.0451 2.53795
-77.0451 2.53795
-77.0451 2.53795
-77.0451 2.53795
-77.0451 2.53795
-77.0451 2.53795
-77.0451 2.53795
-77.0555 2.5379
-77.0555 2.5379
-77.0555 2.5379
-77.0555 2.5379
-77.0555 2.5379
-77.0609 2.53795
-77.0609 2.53795
-77.0609 2.53795
-77.0609 2.53795
-77.0609 2.53795
-77.0609 2.53795
-77.0557 2.53809
-77.0557 2.53809
-77.0557 2.53809
-77.0557 2.53809
-77.0557 2.53809
-77.0557 2.53809
-77.0626 2.53832
-77.0626 2.53832
-77.0626 2.53832
-77.0626 2.53832
-77.0626 2.53832
-77.0626 2.53832
-77.059 2.53871
-77.059 2.53871
-77.059 2.53871
-77.059 2.53871
-77.059 2.53871
-77.059 2.53871
-77.0611 2.53895
-77.0611 2.53895
-77.0611 2.53895
-77.0611 2.53895
-77.0611 2.53895
-77.0611 2.53895
-77.0713 2.53922
-77.0713 2.53922
-77.0713 2.53922
-77.0713 2.53922
-77.0713 2.53922
-77.0872 2.54009
-77.0872 2.54009
-77.0872 2.54009
-77.0872 2.54009
-77.0872 2.54009
-77.0872 2.54009
-77.0872 2.54009
-77.0904 2.54043
-77.0904 2.54043
-77.0904 2.54043
-77.0904 2.54043
-77.0904 2.54043
-77.0904 2.54043
-77.0904 2.54043
-77.0904 2.54043
-77.1061 2.5411
-77.1061 2.5411
-77.1061 2.5411
-77.1061 2.5411
-77.1061 2.5411
-77.1181 2.54168
-77.1181 2.54168
-77.1181 2.54168
-77.1181 2.54168
-77.1181 2.54168
-77.1181 2.54168
-77.106 2.54274
-77.106 2.54274
-77.106 2.54274
-77.106 2.54274
-77.106 2.54274
-77.106 2.54274
-77.1096 2.54321
-77.1096 2.54321
-77.1096 2.54321
-77.1096 2.54321
-77.1096 2.54321
-77.1096 2.54321
-77.1342 2.54395
-77.1342 2.54395
-77.1342 2.54395
-77.1342 2.54395
-77.1342 2.54395
-77.1307 2.54422
-77.1307 2.54422
-77.1307 2.54422
-77.1307 2.54422
-77.1307 2.54422
-77.1307 2.54422
-77.1307 2.54422
-77.1307 2.54422
-77.1367 2.5443
-77.1367 2.5443
-77.1367 2.5443
-77.1367 2.5443
-77.1367 2.5443
-77.1522 2.54435
-77.1522 2.54435
-77.1522 2.54435
-77.1522 2.54435
-77.1522 2.54435
-77.1522 2.54435
-77.1522 2.54435
-77.1684 2.54435
-77.1684 2.54435
-77.1684 2.54435
-77.1684 2.54435
-77.1684 2.54435
-77.1684 2.54435
-77.1684 2.54435
-77.183 2.54435
-77.183 2.54435
-77.183 2.54435
-77.183 2.54435
-77.183 2.54435
-77.183 2.54435
-77.183 2.54435
-77.1679 2.54496
-77.1679 2.54496
-77.1679 2.54496
-77.1679 2.54496
-77.1679 2.54496
-77.1679 2.54496
-77.1825 2.54527
-77.1825 2.54527
-77.1825 2.54527
-77.1825 2.54527
-77.1825 2.54527
-77.1825 2.54527
-77.2066 2.5459
-77.2066 2.5459
-77.2066 2.5459
-77.2066 2.5459
-77.2066 2.5459
-77.2066 2.5459
-77.2066 2.5459
-77.2156 2.54597
-77.2156 2.54597
-77.2156 2.54597
-77.2156 2.54597
-77.2156 2.54597
-77.2156 2.54597
-77.2204 2.54592
-77.2204 2.54592
-77.2204 2.54592
-77.2204 2.54592
-77.2204 2.54592
-77.2449 2.54591
-77.2449 2.54591
-77.2449 2.54591
-77.2449 2.54591
-77.2449 2.54591
-77.2449 2.54591
-77.2747 2.5461
-77.2747 2.5461
-77.2747 2.5461
-77.2747 2.5461
-77.2747 2.5461
-77.2799 2.54642
-77.2799 2.54642
-77.2799 2.54642
-77.2799 2.54642
-77.2799 2.54642
-77.2799 2.54642
-77.2799 2.54642
-77.281 2.54709
-77.281 2.54709
-77.281 2.54709
-77.281 2.54709
-77.281 2.54709
-77.281 2.54709
-77.281 2.54709
-77.2869 2.54791
-77.2869 2.54791
-77.2869 2.54791
-77.2869 2.54791
-77.2869 2.54791
-77.2869 2.54791
-77.3016 2.54879
-77.3016 2.54879
-77.3016 2.54879
-77.3016 2.54879
-77.3016 2.54879
-77.3016 2.54879
-77.3016 2.54879
-77.3226 2.54944
-77.3226 2.54944
-77.3226 2.54944
-77.3226 2.54944
-77.3226 2.54944
-77.3226 2.54944
-77.332 2.5506
-77.332 2.5506
-77.332 2.5506
-77.332 2.5506
-77.332 2.5506
-77.332 2.5506
-77.332 2.5506
-77.3359 2.55192
-77.3359 2.55192
-77.3359 2.55192
-77.3359 2.55192
-77.3359 2.55192
-77.3359 2.55192
-77.3359 2.55192
-77.3377 2.55343
-77.3377 2.55343
-77.3377 2.55343
-77.3377 2.55343
-77.3377 2.55343
-77.3377 2.55343
-77.3421 2.55439
-77.3421 2.55439
-77.3421 2.55439
-77.3421 2.55439
-77.3421 2.55439
-77.3477 2.55511
-77.3477 2.55511
-77.3477 2.55511
-77.3477 2.55511
-77.3477 2.55511
-77.3477 2.55511
-77.3477 2.55511
-77.3545 2.55596
-77.3545 2.55596
-77.3545 2.55596
-77.3545 2.55596
-77.3545 2.55596
-77.3545 2.55596
-77.3444 2.55618
-77.3444 2.55618
-77.3444 2.55618
-77.3444 2.55618
-77.3444 2.55618
-77.3444 2.55618
-77.3444 2.55618
-77.36 2.5562
-77.36 2.5562
-77.36 2.5562
-77.36 2.5562
-77.36 2.5562
-77.3772 2.55646
-77.3772 2.55646
-77.3772 2.55646
-77.3772 2.55646
-77.3772 2.55646
-77.3772 2.55646
-77.3951 2.55697
-77.3951 2.55697
-77.3951 2.55697
-77.3951 2.55697
-77.3951 2.55697
-77.3951 2.55697
-77.4089 2.55719
-77.4089 2.55719
-77.4089 2.55719
-77.4089 2.55719
-77.4089 2.55719
-77.415 2.55777
-77.415 2.55777
-77.415 2.55777
-77.415 2.55777
-77.415 2.55777
-77.4163 2.55813
-77.4163 2.55813
-77.4163 2.55813
-77.4163 2.55813
-77.4163 2.55813
-77.4163 2.55813
-77.4173 2.55855
-77.4173 2.55855
-77.4173 2.55855
-77.4173 2.55855
-77.4173 2.55855
-77.4173 2.55855
-77.4169 2.55882
-77.4169 2.55882
-77.4169 2.55882
-77.4169 2.55882
-77.4169 2.55882
-77.4169 2.55882
-77.4297 2.55908
-77.4297 2.55908
-77.4297 2.55908
-77.4297 2.55908
-77.4297 2.55908
-77.4297 2.55908
-77.4279 2.55932
-77.4279 2.55932
-77.4279 2.55932
-77.4279 2.55932
-77.4279 2.55932
-77.4279 2.55932
-77.4279 2.55932
-77.4279 2.55932
-77.4248 2.55962
-77.4248 2.55962
-77.4248 2.55962
-77.4248 2.55962
-77.4248 2.55962
-77.4238 2.56
-77.4238 2.56
-77.4238 2.56
-77.4238 2.56
-77.4238 2.56
-77.4238 2.56
-77.4238 2.56
-77.4294 2.56028
-77.4294 2.56028
-77.4294 2.56028
-77.4294 2.56028
-77.4294 2.56028
-77.4294 2.56028
-77.4294 2.56028
-77.4366 2.56064
-77.4366 2.56064
-77.4366 2.56064
-77.4366 2.56064
-77.4366 2.56064
-77.4366 2.56064
-77.443 2.56085
-77.443 2.56085
-77.443 2.56085
-77.443 2.56085
-77.443 2.56085
-77.443 2.56085
-77.4496 2.56125
-77.4496 2.56125
-77.4496 2.56125
-77.4496 2.56125
-77.4496 2.56125
-77.4496 2.56125
-77.4496 2.56125
-77.4557 2.56149
-77.4557 2.56149
-77.4557 2.56149
-77.4557 2.56149
-77.4557 2.56149
-77.4557 2.56149
-77.4557 2.56149
-77.4597 2.56193
-77.4597 2.56193
-77.4597 2.56193
-77.4597 2.56193
-77.4597 2.56193
-77.4597 2.56193
-77.4735 2.56216
-77.4735 2.56216
-77.4735 2.56216
-77.4735 2.56216
-77.4735 2.56216
-77.4735 2.56216
-77.4857 2.56222
-77.4857 2.56222
-77.4857 2.56222
-77.4857 2.56222
-77.4857 2.56222
-77.4857 2.56222
-77.4926 2.5624
-77.4926 2.5624
-77.4926 2.5624
-77.4926 2.5624
-77.4926 2.5624
-77.4926 2.5624
-77.4926 2.5624
-77.5044 2.56253
-77.5044 2.56253
-77.5044 2.56253
-77.5044 2.56253
-77.5044 2.56253
-77.5044 2.56253
-77.5099 2.56274
-77.5099 2.56274
-77.5099 2.56274
-77.5099 2.56274
-77.5099 2.56274
-77.5099 2.56274
-77.5099 2.56274
-77.5213 2.56298
-77.5213 2.56298
-77.5213 2.56298
-77.5213 2.56298
-77.5213 2.56298
-77.5213 2.56298
-77.5387 2.56309
-77.5387 2.56309
-77.5387 2.56309
-77.5387 2.56309
-77.5387 2.56309
-77.5509 2.56336
-77.5509 2.56336
-77.5509 2.56336
-77.5509 2.56336
-77.5509 2.56336
-77.5571 2.56344
-77.5571 2.56344
-77.5571 2.56344
-77.5571 2.56344
-77.5571 2.56344
-77.5571 2.56344
-77.5608 2.56366
-77.5608 2.56366
-77.5608 2.56366
-77.5608 2.56366
-77.5608 2.56366
-77.5608 2.56366
-77.5608 2.56366
-77.5637 2.56389
-77.5637 2.56389
-77.5637 2.56389
-77.5637 2.56389
-77.5637 2.56389
-77.58 2.56422
-77.58 2.56422
-77.58 2.56422
-77.58 2.56422
-77.58 2.56422
-77.58 2.56422
-77.58 2.56422
-77.5962 2.56444
-77.5962 2.56444
-77.5962 2.56444
-77.5962 2.56444
-77.5962 2.56444
-77.5976 2.56461
-77.5976 2.56461
-77.5976 2.56461
-77.5976 2.56461
-77.5976 2.56461
-77.5976 2.56461
-77.5854 2.56507
-77.5854 2.56507
-77.5854 2.56507
-77.5854 2.56507
-77.5854 2.56507
-77.5854 2.56507
-77.604 2.56525
-77.604 2.56525
-77.604 2.56525
-77.604 2.56525
-77.604 2.56525
-77.604 2.56525
-77.6029 2.56545
-77.6029 2.56545
-77.6029 2.56545
-77.6029 2.56545
-77.6029 2.56545
-77.6029 2.56545
-77.6035 2.5658
-77.6035 2.5658
-77.6035 2.5658
-77.6035 2.5658
-77.6035 2.5658
-77.6035 2.5658
-77.6029 2.56598
-77.6029 2.56598
-77.6029 2.56598
-77.6029 2.56598
-77.6029 2.56598
-77.6106 2.56623
-77.6106 2.56623
-77.6106 2.56623
-77.6106 2.56623
-77.6106 2.56623
-77.6106 2.56623
-77.6106 2.56623
-77.6106 2.56623
-77.6114 2.56634
-77.6114 2.56634
-77.6114 2.56634
-77.6114 2.56634
-77.6114 2.56634
-77.6114 2.56634
-77.6205 2.56651
-77.6205 2.56651
-77.6205 2.56651
-77.6205 2.56651
-77.6205 2.56651
-77.6184 2.56653
-77.6184 2.56653
-77.6184 2.56653
-77.6184 2.56653
-77.6184 2.56653
-77.6184 2.56653
-77.6184 2.56653
-77.6183 2.56663
-77.6183 2.56663
-77.6183 2.56663
-77.6183 2.56663
-77.6183 2.56663
-77.6222 2.5668
-77.6222 2.5668
-77.6222 2.5668
-77.6222 2.5668
-77.6222 2.5668
-77.6222 2.5668
-77.6222 2.5668
-77.6222 2.5668
-77.6222 2.5668
-77.6222 2.5668
-77.6288 2.56692
-77.6288 2.56692
-77.6288 2.56692
-77.6288 2.56692
-77.6308 2.56692
-77.6308 2.56692
-77.6308 2.56692
-77.6308 2.56692
-77.6308 2.56692
-77.6385 2.5671
-77.6385 2.5671
-77.6385 2.5671
-77.6385 2.5671
-77.6385 2.5671
-77.6385 2.5671
-77.6385 2.5671
-77.6385 2.5671
-77.6398 2.56715
-77.6398 2.56715
-77.6398 2.56715
-77.6398 2.56715
-77.6398 2.56715
-77.6488 2.56717
-77.6488 2.56717
-77.6488 2.56717
-77.6488 2.56717
-77.6488 2.56717
-77.6488 2.56717
-77.6553 2.56721
-77.6553 2.56721
-77.6553 2.56721
-77.6553 2.56721
-77.6553 2.56721
-77.6553 2.56721
-77.6553 2.56721
-77.6553 2.56721
-77.6546 2.56727
-77.6546 2.56727
-77.6546 2.56727
-77.6546 2.56727
-77.6546 2.56727
-77.6546 2.56727
-77.6668 2.56734
-77.6668 2.56734
-77.6668 2.56734
-77.6668 2.56734
-77.6668 2.56734
-77.6668 2.56734
-77.6668 2.56734
-77.6701 2.56755
-77.6701 2.56755
-77.6701 2.56755
-77.6701 2.56755
-77.6701 2.56755
-77.6701 2.56755
-77.6763 2.56765
-77.6763 2.56765
-77.6763 2.56765
-77.6763 2.56765
-77.6763 2.56765
-77.6763 2.56765
-77.6763 2.56765
-77.6763 2.56765
-77.6786 2.56767
-77.6786 2.56767
-77.6786 2.56767
-77.6786 2.56767
-77.6786 2.56767
-77.6786 2.56767
-77.6789 2.56774
-77.6789 2.56774
-77.6789 2.56774
-77.6789 2.56774
-77.6789 2.56774
-77.6789 2.56774
-77.6822 2.56779
-77.6822 2.56779
-77.6822 2.56779
-77.6822 2.56779
-77.6822 2.56779
-77.661 2.5676
-77.661 2.5676
-77.661 2.5676
-77.661 2.5676
-77.661 2.5676
-77.661 2.5676
-77.6298 2.5675
-77.6298 2.5675
-77.6298 2.5675
-77.6298 2.5675
-77.6298 2.5675
-77.6298 2.5675
-77.6298 2.5675
-77.6227 2.56714
-77.6227 2.56714
-77.6227 2.56714
-77.6227 2.56714
-77.5822 2.56601
-77.5822 2.56601
-77.5822 2.56601
-77.5822 2.56601
-77.5822 2.56601
-77.5494 2.56485
-77.5494 2.56485
-77.5494 2.56485
-77.5494 2.56485
-77.5494 2.56485
-77.5494 2.56485
-77.5494 2.56485
-77.5285 2.56362
-77.5285 2.56362
-77.5285 2.56362
-77.5285 2.56362
-77.5285 2.56362
-77.5285 2.56362
-77.5907 2.56154
-77.5907 2.56154
-77.5907 2.56154
-77.5907 2.56154
-77.5907 2.56154
-77.5907 2.56154
-77.5262 2.56033
-77.5262 2.56033
-77.5262 2.56033
-77.5262 2.56033
-77.5262 2.56033
-77.5262 2.56033
-77.5262 2.56033
-77.5031 2.5576
-77.5031 2.5576
-77.5031 2.5576
-77.5031 2.5576
-77.5031 2.5576
-77.4504 2.55421
-77.4504 2.55421
-77.4504 2.55421
-77.4504 2.55421
-77.4504 2.55421
-77.3869 2.54703
-77.3869 2.54703
-77.3869 2.54703
-77.3869 2.54703
-77.3869 2.54703
-77.3869 2.54703
-77.3869 2.54703
-77.3462 2.53946
-77.3462 2.53946
-77.3462 2.53946
-77.3462 2.53946
-77.3462 2.53946
-77.3462 2.53946
-77.2986 2.52321
-77.2986 2.52321
-77.2986 2.52321
-77.2986 2.52321
-77.2986 2.52321
-77.3566 2.4982
-77.3566 2.4982
-77.3566 2.4982
-77.3566 2.4982
-77.3566 2.4982
-77.3566 2.4982
-77.3566 2.4982
-77.3982 2.47447
-77.3982 2.47447
-77.3982 2.47447
-77.3982 2.47447
-77.3982 2.47447
-77.3982 2.47447
-77.6904 2.43308
-77.6904 2.43308
-77.6904 2.43308
-77.6904 2.43308
-77.6904 2.43308
-77.6904 2.43308
-77.6904 2.43308
-77.708 2.40967
-77.708 2.40967
-77.708 2.40967
-77.708 2.40967
-77.708 2.40967
-78.1522 2.36512
-78.1522 2.36512
-78.1522 2.36512
-78.1522 2.36512
-78.1522 2.36512
-78.1522 2.36512
-78.1522 2.36512
-78.0362 2.33796
-78.0362 2.33796
-78.0362 2.33796
-78.0362 2.33796
-78.0362 2.33796
-78.0749 2.29572
-78.0749 2.29572
-78.0749 2.29572
-78.0749 2.29572
-78.0749 2.29572
-78.0749 2.29572
-78.0749 2.29572
-78.0749 2.29572
-78.1924 2.25558
-78.1924 2.25558
-78.1924 2.25558
-78.1924 2.25558
-78.1924 2.25558
-78.1557 2.21862
-78.1557 2.21862
-78.1557 2.21862
-78.1557 2.21862
-78.1557 2.21862
-78.4118 2.1977
-78.4118 2.1977
-78.4118 2.1977
-78.4118 2.1977
-78.4118 2.1977
-78.4118 2.1977
-78.4118 2.1977
-78.4118 2.1977
-78.5839 2.17718
-78.5839 2.17718
-78.5839 2.17718
-79.1736 2.14981
-79.1736 2.14981
-79.1736 2.14981
-79.1736 2.14981
-79.1736 2.14981
-79.1736 2.14981
-79.3428 2.09711
-79.3428 2.09711
-79.3428 2.09711
-79.3428 2.09711
-79.3428 2.09711
-79.3428 2.09711
-79.3428 2.09711
-79.2567 2.07968
-79.2567 2.07968
-79.2567 2.07968
-79.2567 2.07968
-79.2567 2.07968
-79.2567 2.07968
-79.2639 2.05835
-79.2639 2.05835
-79.2639 2.05835
-79.2639 2.05835
-79.2639 2.05835
-79.2869 2.00708
-79.2869 2.00708
-79.2869 2.00708
-79.2869 2.00708
-79.2869 2.00708
-79.2869 2.00708
-79.2869 2.00708
-79.2869 2.00708
-78.8914 1.98208
-78.8914 1.98208
-78.8914 1.98208
-78.8914 1.98208
-78.8914 1.98208
-78.6978 1.95049
-78.6978 1.95049
-78.6978 1.95049
-78.6978 1.95049
-78.6978 1.95049
-78.6978 1.95049
-78.2639 1.91773
-78.2639 1.91773
-78.2639 1.91773
-78.2639 1.91773
-78.2639 1.91773
-78.2639 1.91773
-77.9974 1.88629
-77.9974 1.88629
-77.9974 1.88629
-77.9974 1.88629
-77.9974 1.88629
-77.9974 1.88629
-77.4814 1.87893
-77.4814 1.87893
-77.4814 1.87893
-77.4814 1.87893
-77.4814 1.87893
-77.3193 1.83783
-77.3193 1.83783
-77.3193 1.83783
-77.3193 1.83783
-76.9481 1.81191
-76.9481 1.81191
-76.9481 1.81191
-76.9481 1.81191
-76.9481 1.81191
-76.9481 1.81191
-76.6209 1.80199
-76.6209 1.80199
-76.6209 1.80199
-76.6209 1.80199
-76.6209 1.80199
-76.6209 1.80199
-76.2752 1.78688
-76.2752 1.78688
-76.2752 1.78688
-76.2752 1.78688
-76.2752 1.78688
-76.2752 1.78688
-76.0302 1.7746
-76.0302 1.7746
-76.0302 1.7746
-76.0302 1.7746
-76.0302 1.7746
-76.0302 1.7746
-76.0302 1.7746
-75.703 1.76425
-75.703 1.76425
-75.703 1.76425
-75.703 1.76425
-75.703 1.76425
-75.5301 1.74965
-75.5301 1.74965
-75.5301 1.74965
-75.5301 1.74965
-75.5301 1.74965
-75.5301 1.74965
-75.5301 1.74965
-75.3023 1.73602
-75.3023 1.73602
-75.3023 1.73602
-75.3023 1.73602
-75.3023 1.73602
-75.0827 1.71733
-75.0827 1.71733
-75.0827 1.71733
-75.0827 1.71733
-75.0827 1.71733
-74.8777 1.70137
-74.8777 1.70137
-74.8777 1.70137
-74.8777 1.70137
-74.8777 1.70137
-74.8777 1.70137
-74.8777 1.70137
-74.711 1.6866
-74.711 1.6866
-74.711 1.6866
-74.711 1.6866
-74.711 1.6866
-74.711 1.6866
-74.711 1.6866
-74.5284 1.67307
-74.5284 1.67307
-74.5284 1.67307
-74.5284 1.67307
-74.5284 1.67307
-74.3082 1.65032
-74.3082 1.65032
-74.3082 1.65032
-74.3082 1.65032
-74.3082 1.65032
-74.3082 1.65032
-74.3082 1.65032
-74.0535 1.62508
-74.0535 1.62508
-74.0535 1.62508
-74.0535 1.62508
-74.0535 1.62508
-73.7245 1.5929
-73.7245 1.5929
-73.7245 1.5929
-73.7245 1.5929
-73.7245 1.5929
-73.3632 1.55808
-73.3632 1.55808
-73.3632 1.55808
-73.3632 1.55808
-73.3632 1.55808
-73.3632 1.55808
-72.879 1.5093
-72.879 1.5093
-72.879 1.5093
-72.879 1.5093
-72.879 1.5093
-72.879 1.5093
-72.3299 1.45659
-72.3299 1.45659
-72.3299 1.45659
-72.3299 1.45659
-72.3299 1.45659
-72.3299 1.45659
-71.8057 1.38444
-71.8057 1.38444
-71.8057 1.38444
-71.8057 1.38444
-71.8057 1.38444
-71.8057 1.38444
-71.3223 1.31212
-71.3223 1.31212
-71.3223 1.31212
-71.3223 1.31212
-71.3223 1.31212
-71.3223 1.31212
-71.3223 1.31212
-71.1113 1.2425
-71.1113 1.2425
-71.1113 1.2425
-71.1113 1.2425
-71.1113 1.2425
-71.1113 1.2425
-67.7498 1.16431
-67.7498 1.16431
-67.7498 1.16431
-67.7498 1.16431
-67.7498 1.16431
-67.9711 1.09565
-67.9711 1.09565
-67.9711 1.09565
-67.9711 1.09565
-67.9711 1.09565
-67.9711 1.09565
-67.9004 1.04141
-67.9004 1.04141
-67.9004 1.04141
-67.9004 1.04141
-68.2958 0.981676
-68.2958 0.981676
-68.2958 0.981676
-68.2958 0.981676
-68.2958 0.981676
-68.1352 0.946358
-68.1352 0.946358
-68.1352 0.946358
-68.1352 0.946358
-68.1352 0.946358
-68.1352 0.946358
-68.1404 0.903944
-68.1404 0.903944
-68.1404 0.903944
-68.1404 0.903944
-68.1404 0.903944
-67.8666 0.883322
-67.8666 0.883322
-67.8666 0.883322
-67.8666 0.883322
-67.8666 0.883322
-67.8666 0.883322
-67.5763 0.858392
-67.5763 0.858392
-67.5763 0.858392
-67.5763 0.858392
-67.5763 0.858392
-67.5763 0.858392
-67.0908 0.83568
-67.0908 0.83568
-67.0908 0.83568
-67.0908 0.83568
-67.0908 0.83568
-66.8977 0.808461
-66.8977 0.808461
-66.8977 0.808461
-66.8977 0.808461
-66.8977 0.808461
-66.0942 0.779794
-66.0942 0.779794
-66.0942 0.779794
-66.0942 0.779794
-66.0942 0.779794
-66.0942 0.779794
-66.1386 0.751327
-66.1386 0.751327
-66.1386 0.751327
-66.1386 0.751327
-66.1386 0.751327
-66.1386 0.751327
-66.695 0.705912
-66.695 0.705912
-66.695 0.705912
-66.695 0.705912
-66.695 0.705912
-66.695 0.705912
-65.5373 0.699064
-65.5373 0.699064
-65.5373 0.699064
-65.5373 0.699064
-65.5373 0.699064
-65.5373 0.699064
-73.4759 0.808167
-73.4759 0.808167
-73.4759 0.808167
-71.0645 0.795971
-71.0645 0.795971
-71.0645 0.795971
-71.0645 0.795971
-71.0645 0.795971
-71.0645 0.795971
-61.6836 0.688663
-61.6836 0.688663
-61.6836 0.688663
-61.6836 0.688663
-61.6836 0.688663
-61.6836 0.688663
-180 0.617982
-180 0.617982
-180 0.617982
-180 0.617982
-180 0.617982
-1.#IND 0
-1.#IND 0
-1.#IND 0
-1.#IND 0
-1.#IND 0
-1.#IND 0
-1.#IND 0
-1.#IND 0
-1.#IND 0
-1.#IND 0
-1.#IND 0
-1.#IND 0
-1.#IND 0
-1.#IND 0
-1.#IND 0
-1.#IND 0
-1.#IND 0
-1.#IND 0
-1.#IND 0
-1.#IND 0
